4.0000
3.7500
2.8000
3.4000
2.4000
1.3330
4.6000
3.8000
4.2000
2.6000
4.4000
4.2000
5.0000
5.0000
5.0000
3.4000
5.0000
4.0000
3.2000
5.0000
4.4000
3.6000
3.6000
0.8000
1.4000
3.2000
3.8000
4.2000
3.0000
3.6000
3.0000
3.0000
3.0000
4.8000
2.5000
2.2500
3.5000
3.5000
3.0000
3.0000
3.6670
1.6670
3.6000
3.8000
3.4000
3.4000
3.8000
2.8000
3.7500
4.4000
3.7500
2.7500
3.7500
2.2500
3.8000
3.2000
3.8000
4.8000
4.0000
1.4000
4.2000
1.8000
4.2000
2.0000
2.6000
3.2500
5.0000
3.0000
3.7500
4.2500
4.7500
3.2500
3.7500
3.2500
3.8000
5.0000
3.6000
3.8000
2.0000
3.4000
4.2000
3.4000
3.0000
3.0000
3.2500
2.7500
2.6000
3.4000
3.6000
3.6000
4.8000
4.0000
3.6000
3.4000
2.4000
4.2220
3.0000
3.0000
2.7500
4.0000
1.7500
1.7500
4.5000
3.2500
5.0000
3.0000
2.8000
2.6670
4.0000
4.4000
4.2500
4.1760
3.0000
2.5000
3.8000
4.6000
1.4000
2.8000
2.8000
4.2000
1.0000
4.2000
2.7500
2.5000
3.5000
4.7500
3.0000
3.5000
4.0000
2.0000
3.2000
3.6000
3.8000
5.0000
4.0000
3.0000
2.5000
3.0000
4.0000
2.0000
3.0000
2.6250
3.2000
4.0000
3.2000
2.4000
4.4000
3.6000
2.4000
3.6000
4.6000
4.4000
4.4000
4.6000
4.4000
2.6000
3.6000
4.2000
3.2000
2.0000
2.8000
1.6000
3.4000
4.0000
2.6000
2.8000
3.0000
3.6000
5.0000
3.4000
4.0000
4.0000
3.5000
4.5000
3.2000
3.8000
3.2000
4.0000
3.2500
3.0000
4.2500
1.5000
4.2500
4.2500
0.7500
3.0000
3.5000
3.7500
4.0000
1.7500
1.7500
3.7500
4.0000
2.0000
3.4000
1.4000
4.8000
2.0000
3.4000
2.4000
3.4000
4.8000
2.6000
2.4000
2.6000
2.8000
4.4000
3.2000
2.4000
4.0000
3.2500
4.0000
2.7500
4.0000
3.6000
3.6000
4.4000
3.8000
4.2000
3.6000
4.6000
3.6000
3.2500
4.0000
4.5000
2.5000
3.7500
4.0000
1.5000
3.7500
3.4550
5.0000
3.7500
4.0000
2.5000
0.2500
1.7500
5.0000
3.8330
3.7500
3.2500
2.7500
3.0000
4.4000
3.2000
4.6000
3.6000
4.4000
3.4000
4.0560
3.5000
5.0000
3.0000
3.7500
4.0000
4.0000
4.7500
3.7500
3.8000
4.0000
3.5000
3.0000
3.1760
4.2000
3.4000
4.6000
4.0000
4.0000
3.2500
3.6430
3.6000
4.0000
1.0000
3.4000
1.7500
3.0000
3.2500
2.7500
3.4000
3.6000
3.2000
3.2000
2.8000
2.4000
3.4000
3.6000
3.8000
3.4000
4.8000
3.8000
3.3330
2.5000
3.5000
1.9000
3.0000
3.6000
2.4000
3.2000
2.0000
3.8000
3.0000
3.6920
3.0000
3.0000
2.7500
3.2500
3.2500
3.7500
3.6000
3.5000
5.0000
3.7500
3.0000
4.0000
3.3330
3.3330
4.6670
3.3330
2.6000
2.4000
3.8570
1.8000
3.6000
2.4000
3.0000
2.0000
1.6000
4.0000
3.6000
3.8000
4.4000
3.0000
3.8000
3.0000
4.2500
1.2730
1.0000
3.0000
4.0000
3.5000
4.0000
3.2500
2.0000
1.0000
3.0000
2.6000
2.6000
4.6000
3.2000
3.0000
4.7500
2.7500
4.5000
2.7500
2.2000
3.0000
2.4000
3.0000
3.0000
4.0000
2.5880
3.6000
4.6670
3.3330
2.3330
3.3330
3.0000
2.2500
2.5000
3.2500
4.0000
4.5000
3.5000
4.7500
2.0000
3.6000
2.7690
3.4000
4.0000
3.5000
2.0000
4.0000
2.8000
1.4000
4.0000
3.2000
1.8000
3.4000
4.7330
1.6000
3.2000
4.8000
1.4000
2.6000
3.5000
3.7500
3.2500
1.7500
3.0000
3.5000
3.2500
0.5000
2.2500
4.0000
3.2500
4.2500
2.4000
2.4000
4.0000
3.0000
3.4000
3.8000
4.0000
3.2000
3.5000
2.5000
4.5000
4.5000
3.6000
2.8000
4.8000
0.8000
4.0910
2.2500
5.0000
3.7500
3.6670
2.6670
3.3330
3.0000
3.4440
3.8000
3.0000
3.6000
3.7500
5.0000
3.0000
3.2500
3.4000
3.8000
3.6000
3.4000
3.6000
2.4000
2.4000
2.4000
4.5000
0.8890
3.2500
4.7500
4.7500
4.0000
3.5000
5.0000
3.6000
3.0000
3.8000
3.0000
1.8000
4.8000
3.8000
3.6000
4.0000
4.6000
3.8000
4.8000
2.0000
3.2000
2.2000
4.0000
4.2000
2.0000
1.2000
4.0000
3.0000
0.8000
2.8000
3.0000
3.8000
4.4000
2.6000
1.4000
3.2000
1.6000
3.0000
3.2730
4.0000
3.2500
3.2500
5.0000
3.5000
3.4170
1.7500
2.7000
2.7500
3.7500
3.7500
4.1110
3.6000
4.0000
4.2000
3.7500
3.8000
4.4000
3.6000
4.6000
1.6670
4.0000
4.3330
3.0000
3.5000
3.5000
2.0000
3.7500
2.0000
4.3330
1.8000
2.6670
3.8000
3.2000
2.8000
2.2000
4.3330
2.0000
3.0000
2.3330
3.2500
2.2500
3.5000
2.2500
0.7500
4.0000
3.5000
5.0000
3.7500
3.7500
4.2500
4.5000
4.0000
3.2500
0.7500
2.7500
4.0000
3.4000
2.2000
3.4000
3.4000
2.6000
3.4000
3.6000
3.2500
5.0000
4.2500
3.4000
4.2500
3.2500
4.2500
3.7500
3.6670
4.3330
3.9090
3.9330
3.7500
3.7500
4.2500
4.2500
3.5000
4.7500
3.2500
2.7500
3.0000
3.8000
3.4000
3.8570
4.0000
3.4000
3.2000
3.0000
3.2000
3.6000
1.6000
3.8000
2.6000
1.6000
2.0000
3.6000
4.5000
4.0000
3.0000
2.5000
3.5000
3.0000
3.7690
3.4000
1.8000
3.0000
3.0000
3.4000
4.2500
3.2500
4.0000
4.0000
4.0000
3.6250
4.2500
3.5000
4.0000
3.2000
3.4000
4.0000
3.4000
2.8000
3.6000
4.8000
3.8000
2.4000
1.6000
3.2000
3.8000
4.2000
5.0000
3.4000
1.0000
3.3330
4.0000
3.3330
3.2000
4.0000
3.8000
2.2000
3.7500
3.0000
1.2500
3.2500
3.3330
2.0000
3.0000
2.6670
3.6670
3.6670
4.3330
1.3330
2.2000
1.2000
4.4000
3.4000
4.2000
3.0000
3.4000
4.8000
2.7500
4.0000
1.0000
4.2500
3.0000
3.5000
4.2500
4.0000
1.7500
3.0670
3.2500
3.7500
2.2500
2.5000
3.7500
3.2500
4.0000
4.0000
3.4440
2.7500
4.6000
2.8000
4.8000
0.6000
2.7500
2.7500
3.2500
3.2500
2.5000
2.2500
1.5000
3.0000
3.8000
4.3080
3.4000
3.2000
3.5000
3.7500
1.7500
1.2500
3.4000
1.2000
3.8000
3.2000
3.5000
4.7500
3.5000
2.0000
2.8000
1.4000
2.0000
4.8000
3.8000
4.6000
1.4000
3.6000
3.0000
1.6000
4.0000
2.4000
3.5000
0.7500
5.0000
5.0000
4.0000
3.0000
1.3330
3.6670
3.0910
3.8000
4.4000
4.8000
3.0000
2.6670
4.0000
3.0000
4.0000
5.0000
3.4000
3.4000
3.8570
2.7500
4.0000
1.5000
3.7500
2.7500
4.0000
1.5000
1.8000
4.0000
3.0000
3.6000
3.4000
3.0000
2.6000
3.2000
3.5000
3.2500
3.7500
3.2500
4.4000
0.8000
3.6000
3.4000
1.4000
4.6000
1.4000
3.6000
2.0000
5.0000
3.6000
4.4000
4.8000
4.6000
1.4000
2.6000
2.0000
2.8000
3.5000
3.2000
4.0000
4.2500
3.7500
5.0000
4.0000
4.0000
3.5000
2.5000
2.0000
4.4000
3.6000
4.2000
3.4000
4.0000
4.0000
4.8000
3.6000
3.4000
3.6000
3.4000
3.7500
4.2500
4.2500
3.2500
3.8460
1.2000
3.2000
4.0000
3.4000
3.2000
3.8000
3.2000
4.0000
3.3330
3.6670
2.0000
2.6000
3.0000
2.4000
2.6000
4.4000
2.8000
3.0000
4.2000
3.2000
3.2000
3.0000
2.6000
2.5000
4.5000
3.7500
3.2500
0.8000
3.2000
4.0000
2.2000
2.8000
3.6000
2.6000
3.8000
3.2000
5.0000
4.0000
1.2000
5.0000
3.8000
3.8000
3.4000
2.2000
4.2000
2.8180
3.2000
3.0000
2.4000
3.6000
3.8750
3.0000
4.4000
2.8000
1.6000
3.2000
5.0000
3.8000
4.4000
3.8000
3.8000
5.0000
3.2000
4.2000
3.0000
3.0000
3.8000
2.6670
2.3330
3.0000
1.3330
3.8000
3.4000
2.0000
3.4000
4.0000
2.8000
3.2000
3.6000
3.8000
3.6000
4.2000
4.0000
4.7500
3.7500
3.2500
3.5330
2.7500
2.5000
1.2500
1.7500
4.2500
4.0000
5.0000
4.2500
4.7500
2.7500
3.2500
3.5000
3.6000
3.2000
3.4000
4.6000
3.3330
3.3330
3.0000
4.0000
3.5000
3.5000
1.7500
3.0000
3.4000
3.6000
3.6000
2.0000
3.6000
1.6000
4.6000
4.4000
3.8000
2.6000
3.6000
3.0000
2.4000
1.2000
3.4000
3.0000
4.5000
3.5000
1.5000
3.0000
2.0000
3.4000
2.2000
1.8000
4.0000
3.5000
3.5000
2.7500
2.6000
2.2000
4.6000
3.0000
3.5000
4.7500
1.5000
4.7500
3.7500
3.5000
3.4000
1.5000
3.4000
3.2000
2.2000
2.4000
3.0000
3.0000
1.8000
2.4000
3.5330
4.0000
4.2500
4.7500
3.3330
5.0000
4.3330
3.0000
3.0000
3.0000
3.8000
1.8460
3.0000
3.0000
3.2000
1.0000
3.0000
2.6470
3.2500
3.2500
3.7500
3.2500
3.0000
4.7500
4.6000
3.9290
3.4000
1.7500
3.2000
3.8000
0.8000
4.6000
3.2000
2.2000
4.4000
4.4000
3.3330
4.0000
3.0000
1.3330
4.2000
3.2000
3.2000
3.0000
3.2500
4.2500
2.2500
3.5000
2.2000
3.4000
3.0000
3.0000
2.5000
1.7500
2.7500
4.2500
1.8000
2.8000
3.0000
5.0000
3.2500
4.0000
3.7500
1.2500
3.2500
2.0000
3.3330
3.0000
3.4000
5.0000
4.4000
3.4000
3.7500
5.0000
3.7500
4.0000
3.2500
2.2500
1.5000
3.0000
2.2500
3.7500
4.0000
4.7500
5.0000
3.7500
1.5000
3.0670
3.5000
2.7500
3.5000
3.2500
3.7500
3.8000
4.0000
3.2000
4.8000
2.2000
2.2000
4.6000
3.2500
3.2500
1.3330
2.5000
3.2500
3.7500
2.2500
2.7500
2.5000
4.7500
3.5000
3.2500
3.2500
3.0000
1.5000
2.0000
3.0000
3.0000
4.7500
4.7780
3.2000
3.6000
3.2000
3.2000
4.4000
4.3640
3.8000
4.4000
4.5000
4.0000
1.5000
3.0000
5.0000
3.6000
2.8000
1.8000
3.4000
2.6000
2.2000
4.8000
3.0000
2.0000
3.5000
3.7500
3.5000
3.3330
4.2500
4.0000
2.0000
1.6000
3.6000
3.4000
4.2500
4.7500
1.7500
3.2500
3.0000
2.4000
3.6000
3.4000
3.2500
3.5000
3.2500
3.7860
0.8000
2.4000
3.2000
4.9230
3.8000
2.6000
4.0000
3.0000
3.2000
3.2000
3.4000
3.2000
3.4000
2.6000
4.5710
3.4000
2.2500
3.5000
2.7500
4.7500
2.5000
3.2500
4.5000
3.5000
3.1670
4.5000
4.7500
2.7500
3.2000
2.6000
4.4000
3.0000
0.9440
2.4000
3.8000
3.8000
4.0000
3.8000
3.8000
4.2000
4.4000
4.2000
2.6000
3.0560
4.7500
3.5000
3.2500
1.5000
3.4000
3.7500
2.6000
2.8000
2.4000
3.2000
4.0000
3.6000
3.4000
2.4000
3.4000
3.6000
3.4000
3.4000
4.8180
3.2000
1.4000
3.0000
4.2000
3.2000
1.8000
3.8000
4.6000
2.8000
4.2500
3.0000
0.7500
4.0000
3.6000
2.2000
2.8000
3.2000
1.2500
3.0000
3.2500
3.0000
2.2000
3.0000
4.6000
3.6000
4.0000
3.0000
3.7500
3.7140
5.0000
3.2000
3.2000
1.6000
3.3330
4.0000
3.0000
1.3330
3.6000
4.2000
1.8000
3.2310
3.0000
3.0000
3.7500
5.0000
3.4000
3.2000
3.4000
2.8000
2.8000
3.6000
2.8000
3.0000
4.6000
3.2000
3.0000
3.8000
3.0000
4.5000
3.7500
3.0000
4.7270
3.8000
3.0000
4.6000
4.4000
1.0000
2.0000
2.8000
1.5000
3.2500
1.7500
1.7500
5.0000
3.6000
3.2000
3.0000
2.7500
4.5000
1.0000
3.7500
3.0000
4.5000
1.5000
3.0000
2.0000
4.0000
3.2000
3.0000
3.5000
4.0000
3.0000
3.2500
3.4000
2.0000
2.8000
4.0000
3.6000
3.4000
2.8000
3.2000
2.2000
3.2000
3.4000
3.0000
4.7500
3.2500
1.0000
4.2500
5.0000
1.6000
5.0000
3.8000
3.5000
4.7500
3.0000
3.5000
3.5000
3.0000
4.5000
3.2500
4.2500
3.2500
3.7500
4.2500
1.2000
2.6000
5.0000
3.0000
3.6000
3.0000
4.8000
1.8000
4.0000
3.8000
2.4000
2.8000
3.2000
3.0000
3.4000
3.8000
3.5000
3.2500
1.5000
3.6920
2.8000
3.2000
2.4000
2.0000
3.8000
3.4000
3.0000
4.6000
3.2500
3.7500
3.5000
4.5000
3.6670
3.3330
1.0000
1.0000
4.0000
5.0000
5.0000
3.4000
3.5000
3.5000
1.2500
3.5000
3.7500
2.2500
4.7500
3.2500
3.2500
3.2500
3.7500
3.2500
4.8000
3.8000
3.4000
2.0000
3.6000
4.4000
4.6000
3.6000
3.7500
3.5000
2.5000
3.2500
3.3330
3.3330
3.0000
2.6670
2.2000
3.2000
4.6000
3.2000
5.0000
3.6000
3.2000
3.2000
4.6000
3.8000
3.8000
3.4000
3.4000
3.4000
3.6000
3.6000
2.6000
2.2000
3.6000
3.8000
3.8000
4.0000
1.7330
4.0000
2.8000
3.2000
1.8000
3.0000
3.7500
3.7500
3.2500
2.9090
3.4000
3.6000
2.2000
2.6000
3.8000
1.6000
3.8000
3.4000
2.5000
3.7500
3.1670
2.5000
4.2500
2.7500
2.7500
3.2500
1.8000
4.2000
3.2000
3.2000
2.7500
1.7500
3.5000
3.7500
4.8000
3.4000
0.8000
4.0000
4.0000
3.7500
3.2500
1.2500
3.5000
4.7500
1.0000
2.5000
3.4380
4.0000
3.6000
4.2000
2.6000
3.2000
4.4000
3.0000
3.2500
2.0000
3.2500
4.5000
3.4000
3.0000
1.8000
1.0000
2.7500
3.2500
3.7500
2.7500
1.0000
3.6000
3.2000
1.6000
3.0000
3.2000
4.6000
2.8000
4.2000
3.2000
4.0000
3.0000
2.2000
2.8000
2.6000
5.0000
2.0000
3.2500
3.7500
3.5000
2.7500
2.7500
3.2500
2.2500
3.2500
3.0000
4.0000
2.0000
3.1820
3.0000
3.7500
3.0000
4.6000
2.6000
3.2000
4.4000
1.2500
2.5000
