0.5,0.3333,0,0
1,0.2,0,0
0.3333,0,0,0
0.5,0.3333,0,0
0.5,0,0,0
0.5,0,0,0
0.5,0,0,0
0.5,0.3333,0,0
1,1,1,1
0.4,0.25,0,0
1,1,0,0
0.2,0,0,0
1,1,1,1
0.75,0.25,0,0
0.6,0.2,0,0
0.5,0.3333,0,0
1,1,1,0
0.5,0.3333,0,0
1,1,1,0
0.5,0,0,0
0.6,0.2,0,0
0.3333,0,0,0
0.4,0.25,0,0
1,1,1,0
1,1,1,1
0.5,0.3333,0,0
1,1,1,1
0.4,0,0,0
1,1,1,0
0.2,0,0,0
0.5,0.3333,0,0
0.5,0.3333,0,0
0.5,0.3333,0,0
0.5,0.3333,0,0
1,1,1,0
0.75,0.6667,0.5,0
0.3333,0,0,0
0.8333,0.5,0.4,0.25
1,1,1,0
1,1,1,0
1,1,1,0
0.2,0,0,0
0.5,0.3333,0,0
0.5,0.3333,0,0
0.5,0.3333,0,0
0.5,0.3333,0,0
0.5,0.3333,0,0
0.5,0.3333,0,0
0.5,0.3333,0,0
0.5,0.3333,0,0
0.75,0.25,0,0
0.5,0.3333,0,0
0.6,0.2,0,0
0.8,0.75,0.6667,0.5
1,1,1,0
0.5,0.3333,0,0
0.5,0.3333,0,0
0.5,0.3333,0,0
0.3333,0,0,0
0.2,0,0,0
0.5,0.3333,0,0
0.3333,0,0,0
0.4,0.25,0,0
1,1,1,0
0.5,0.3333,0,0
0.2,0,0,0
0.5,0.3333,0,0
1,1,1,0
0.25,0,0,0
0.75,0.6667,0.5,0
0.3333,0,0,0
0.3333,0,0,0
1,1,1,0
1,1,1,0
0.2,0,0,0
0.2,0,0,0
0.75,0.25,0,0
0.75,0.6667,0.5,0
1,1,1,0
0.5,0.3333,0,0
0.3333,0,0,0
0.3333,0,0,0
0.6,0.5,0.3333,0
0.5,0.3333,0,0
0.3333,0.2,0,0
0.75,0.25,0,0
0.4,0,0,0
1,1,1,0
0.5,0.3333,0,0
0.5,0,0,0
0.5,0.3333,0,0
0.2,0,0,0
0.5,0.3333,0,0
0.5,0.3333,0,0
0.5,0.1667,0,0
0.5,0.1667,0,0
0.4,0.25,0,0
1,1,1,0
0.5714,0.2857,0,0
0.3333,0,0,0
0.2,0,0,0
0.3333,0,0,0
0.3333,0.2,0,0
0.75,0.6667,0.5,0
0.2,0,0,0
0.5,0.3333,0,0
0.5,0.3333,0,0
0.5,0.3333,0,0
0.4,0,0,0
0.3333,0,0,0
0.5,0.3333,0,0
0.6,0.5,0.3333,0
0.5,0.1667,0,0
0.4286,0.3333,0.2,0
0.3333,0.2,0,0
0.75,0.6667,0.5,0
1,1,1,0
0.75,0.25,0,0
0.5,0.1667,0,0
0.5,0.3333,0,0
0.3333,0,0,0
0.3333,0,0,0
0,0,0,0
0.3333,0,0,0
0.3333,0,0,0
0.3333,0,0,0
0.3333,0,0,0
0.6,0.1667,0,0
0.2,0,0,0
0.2,0,0,0
0.2,0,0,0
0.2,0,0,0
1,1,1,0
0.8333,0.5,0.1667,0
0.5,0,0,0
0.75,0.25,0,0
0.5,0.3333,0,0
0.5,0.3333,0,0
0.2,0,0,0
0.2,0,0,0
0.2,0,0,0
0.5,0.3333,0,0
0.2,0,0,0
0.5,0.3333,0,0
0.75,0.6667,0.5,0
0.5,0.3333,0,0
0.75,0.6667,0.5,0
0.6,0.5,0.3333,0
0.4,0,0,0
0.75,0.6667,0.5,0
0.4,0,0,0
0,0,0,0
0.3333,0,0,0
0,0,0,0
0.3333,0,0,0
0.3333,0.2,0,0
1,1,1,0
1,1,1,0
0.5,0,0,0
0.2,0,0,0
0.2,0,0,0
0.5,0.3333,0,0
0.2,0,0,0
0.5,0,0,0
0.5,0.3333,0,0
0.2,0,0,0
0.5,0.3333,0,0
0.75,0.6667,0.5,0
0.5,0.3333,0,0
0.2,0,0,0
0.75,0.6667,0.5,0
0.2,0,0,0
0.5,0,0,0
0.3333,0,0,0
0.7143,0.4286,0.1429,0
1,1,1,0
0.5,0.3333,0,0
0.3333,0,0,0
0.6,0.2,0,0
0.4,0.25,0,0
0.2,0,0,0
0.2,0,0,0
0.2,0,0,0
0.5,0.3333,0,0
0.5,0.3333,0,0
0.25,0,0,0
0.3333,0,0,0
0.3333,0,0,0
0,0,0,0
0.3333,0,0,0
0.75,0.2,0,0
0.75,0.6667,0.5,0
0.75,0.6667,0.5,0
0.5,0.3333,0,0
0.4,0,0,0
1,1,1,0
0,0,0,0
0.5,0.3333,0,0
0.6667,0.5,0,0
0,0,0,0
0.3333,0,0,0
1,1,1,0
0.5,0,0,0
0.75,0.6667,0.5,0
1,1,1,0
0.5,0.3333,0,0
0.5,0.3333,0,0
0.4,0.25,0,0
0.5,0.3333,0,0
0.3333,0,0,0
0.3333,0,0,0
0.3333,0.2,0,0
0.2,0,0,0
0.5,0.3333,0,0
1,1,1,0
0.2,0,0,0
0.6,0.5,0.3333,0
0.5,0.3333,0,0
0.4,0,0,0
0.2,0,0,0
0.75,0.6667,0.5,0
0.6667,0.3333,0.2,0
0.25,0,0,0
0.5,0,0,0
0.5,0.3333,0,0
0.6667,0.3333,0,0
0.5,0.1667,0,0
0.2,0,0,0
0.5,0.3333,0,0
0.5,0.3333,0,0
0.5,0,0,0
0.75,0.25,0,0
0.5,0.3333,0,0
0.2,0,0,0
0.2,0,0,0
0.2,0,0,0
0.2,0,0,0
0.4,0,0,0
0.4,0,0,0
0.5,0,0,0
0.5,0.3333,0,0
0.5,0,0,0
0.6,0.5,0.3333,0
0.6667,0.6,0.5,0.3333
0.5,0,0,0
0.2,0,0,0
0.2,0,0,0
0.4,0.25,0,0
0.6,0.5,0.3333,0
0.25,0.1429,0,0
0.2,0,0,0
0.375,0.125,0,0
0.2857,0,0,0
0,0,0,0
0.5,0.3333,0,0
0.4,0,0,0
0.5,0.3333,0,0
0.2,0,0,0
0.5,0.3333,0,0
0.6,0.2,0,0
0.2,0,0,0
0.5,0.1667,0,0
0.4,0,0,0
0.1667,0,0,0
0.2,0,0,0
0.2,0,0,0
0.2,0,0,0
0.2,0,0,0
0.5,0,0,0
0.6667,0.5,0,0
0.75,0.25,0,0
0.5,0.3333,0,0
0.2,0,0,0
0.5,0.3333,0,0
0.5,0.3333,0,0
0.2,0,0,0
0.5,0.1667,0,0
0.1667,0,0,0
0.2,0,0,0
0.8,0.4,0.25,0
0.2,0,0,0
0.5,0,0,0
0.4,0,0,0
0.5,0.3333,0,0
0.1667,0,0,0
0.5,0.1667,0,0
0.6,0.2,0,0
0.25,0,0,0
0.3333,0,0,0
0.5,0.3333,0,0
0.5,0.3333,0,0
0.2,0,0,0
0.2,0,0,0
0.1667,0,0,0
0.3333,0,0,0
0.5,0.1667,0,0
0.2,0,0,0
0.5,0,0,0
0.1667,0,0,0
0,0,0,0
0.2,0,0,0
0.8,0.4,0.25,0
0.6,0.5,0.3333,0
0.4,0.25,0,0
0.4,0,0,0
0.4,0.25,0,0
0.4,0.25,0,0
0.1667,0,0,0
0.1667,0,0,0
0.2,0,0,0
0.2,0,0,0
0.6667,0.5,0,0
0.25,0,0,0
0.5,0.1667,0,0
0.1429,0,0,0
0.1667,0,0,0
0.1667,0,0,0
0.75,0.1667,0,0
0.1667,0,0,0
0.5,0.3333,0,0
0.2,0,0,0
0.4,0.25,0,0
0.1667,0,0,0
0.2,0,0,0
0.25,0,0,0
0,0,0,0
0,0,0,0
0.2,0,0,0
0.2,0,0,0
0.25,0,0,0
0,0,0,0
0.2,0,0,0
0.1429,0,0,0
0.1429,0,0,0
0.4,0.25,0,0
0.5,0.25,0,0
0.5,0.1667,0,0
0.2222,0,0,0
1,1,1,0
0.2,0,0,0
0.2,0,0,0
0.2,0,0,0
0.2,0,0,0
0.25,0,0,0
0.5,0.4,0.25,0
0.4,0,0,0
0.3333,0.1111,0,0
0.1667,0,0,0
0.2,0,0,0
0.25,0,0,0
0.25,0,0,0
0.25,0.0769,0,0
0,0,0,0
0.25,0,0,0
0.25,0,0,0
0.2,0,0,0
0,0,0,0
0.1667,0,0,0
0.1667,0,0,0
0.25,0.125,0,0
0.75,0.6667,0.5,0
0.5,0.1667,0,0
0.75,0.25,0,0
0.2,0,0,0
0.2,0,0,0
0,0,0,0
0,0,0,0
0.1667,0,0,0
0,0,0,0
0.5,0.3333,0,0
0,0,0,0
0.2,0,0,0
0,0,0,0
0,0,0,0
0.1667,0,0,0
0.1667,0,0,0
0.5,0.3333,0,0
0.1667,0,0,0
0,0,0,0
0.2,0,0,0
0.2,0,0,0
0.3333,0.2,0,0
0,0,0,0
0.1667,0,0,0
0,0,0,0
0.25,0,0,0
0.4,0.25,0,0
0.4,0.25,0,0
0.6,0.5,0.3333,0
0.5714,0.2857,0,0
0.2,0,0,0
0,0,0,0
0.2,0,0,0
0.6667,0.5,0,0
0.2,0,0,0
0.2,0,0,0
0.2,0,0,0
0.5,0,0,0
0.6,0.2,0,0
0.3333,0,0,0
0.5,0.1667,0,0
0.3333,0,0,0
0.3636,0,0,0
0.25,0,0,0
0.6667,0,0,0
0.4286,0.1429,0,0
0.2,0,0,0
0.4,0.25,0,0
0.4,0.25,0,0
0.4,0,0,0
0.3333,0,0,0
0.2857,0,0,0
0.3333,0,0,0
0.4,0.25,0,0
0.3333,0,0,0
0.3333,0,0,0
0.6,0.5,0.3333,0
0.1667,0,0,0
0.6667,0.5,0,0
0.2,0,0,0
0.4,0.25,0,0
0.1667,0,0,0
0.1429,0,0,0
0.25,0,0,0
0,0,0,0
0.2,0,0,0
0.25,0,0,0
0,0,0,0
0,0,0,0
0.625,0.3333,0.1111,0
0.3333,0.2,0,0
0.3333,0.2,0,0
0.5,0.1667,0,0
0.2857,0.1667,0,0
0.2,0,0,0
0,0,0,0
0.8,0.1667,0,0
0.6,0,0,0
0.3333,0,0,0
0.3333,0,0,0
0.3333,0,0,0
0,0,0,0
0.1667,0,0,0
0.1667,0,0,0
0.4,0,0,0
0.2,0,0,0
0.2,0,0,0
0,0,0,0
0,0,0,0
0,0,0,0
0,0,0,0
0.8,0.75,0.6667,0.5
0,0,0,0
0.25,0,0,0
0.1429,0,0,0
0.4,0,0,0
0.3333,0.2,0,0
0.3333,0.2,0,0
0,0,0,0
0.4,0,0,0
0.5,0.3333,0,0
0.25,0.1429,0,0
0.1667,0,0,0
0.2,0,0,0
0.2,0,0,0
0.1667,0,0,0
0.125,0,0,0
0.2,0,0,0
0.2,0,0,0
0.1667,0,0,0
0.2,0,0,0
0.1667,0,0,0
0,0,0,0
0.125,0,0,0
0.2,0,0,0
0.4444,0.1,0,0
0,0,0,0
0.1429,0,0,0
0,0,0,0
0,0,0,0
0.3333,0.3333,0.2,0
0.3333,0.2,0,0
0,0,0,0
0.2,0,0,0
0.2857,0,0,0
0.1667,0,0,0
0.1429,0,0,0
0.75,0.25,0,0
0.0909,0,0,0
0.1667,0,0,0
0.1667,0,0,0
0,0,0,0
0.25,0,0,0
0,0,0,0
0.1429,0,0,0
0.125,0,0,0
0.1111,0,0,0
0.6667,0.5,0.3,0.2222
0.3333,0.1111,0,0
0.75,0.25,0,0
0.1429,0,0,0
0.25,0,0,0
0.5,0,0,0
0.3333,0,0,0
0.5,0.3333,0,0
0.2,0,0,0
0.2,0,0,0
0.3333,0,0,0
0.3333,0,0,0
0.1667,0,0,0
0,0,0,0
0.2,0,0,0
0.3333,0,0,0
0.1667,0,0,0
0.5,0,0,0
0.25,0,0,0
0.4,0.1111,0,0
0,0,0,0
0.1667,0,0,0
0,0,0,0
0,0,0,0
0.1667,0,0,0
0.1667,0,0,0
0.1667,0,0,0
0.125,0,0,0
0.75,0.6667,0.5,0
0.1429,0,0,0
0.4286,0,0,0
0.25,0,0,0
0.6,0.2,0,0
0.125,0,0,0
0.125,0,0,0
0,0,0,0
0.1429,0,0,0
0.1667,0,0,0
0.1667,0,0,0
0.1667,0,0,0
0.1429,0,0,0
0.1111,0,0,0
0.2,0,0,0
0.1667,0,0,0
0,0,0,0
0,0,0,0
0,0,0,0
0.2,0,0,0
0,0,0,0
0.3333,0,0,0
0,0,0,0
0.5,0.1667,0,0
0,0,0,0
0,0,0,0
0.1429,0,0,0
0.1667,0,0,0
0,0,0,0
0.4286,0.125,0,0
0.5,0,0,0
0.1429,0,0,0
0.1667,0,0,0
0.1667,0,0,0
0,0,0,0
0.2,0,0,0
0.3333,0,0,0
0.1,0,0,0
0.4,0,0,0
0,0,0,0
0.3333,0.2,0,0
0,0,0,0
0.125,0,0,0
0.4,0.2,0,0
0.1429,0,0,0
0.8,0.1667,0,0
0,0,0,0
0.1667,0,0,0
0.1667,0,0,0
0.5,0.3333,0,0
0.3333,0,0,0
0.2857,0,0,0
0.4286,0.1429,0,0
0.75,0.6667,0.5,0
0.1667,0,0,0
0.1429,0,0,0
0.4,0.25,0,0
0.125,0,0,0
0.1429,0,0,0
0.5,0.3333,0,0
0.3333,0.1111,0,0
0.2857,0,0,0
0.1667,0,0,0
0,0,0,0
0.1429,0,0,0
0.1429,0,0,0
0.4286,0,0,0
0.1667,0,0,0
0,0,0,0
0,0,0,0
0.1667,0,0,0
0.125,0,0,0
0.2222,0,0,0
0.2222,0,0,0
0.1667,0,0,0
0,0,0,0
0.2,0,0,0
0.2,0,0,0
0,0,0,0
0.3333,0.1111,0,0
0.1429,0,0,0
0.1429,0,0,0
0.1429,0,0,0
0.4,0.25,0,0
0,0,0,0
0,0,0,0
0.1667,0,0,0
0.1667,0,0,0
0,0,0,0
0,0,0,0
0,0,0,0
0.2,0,0,0
0,0,0,0
0,0,0,0
0.2222,0,0,0
0.2,0,0,0
0.6,0.2,0,0
0,0,0,0
0,0,0,0
0.2,0,0,0
0,0,0,0
0,0,0,0
0.125,0,0,0
0.1429,0,0,0
0.4,0.25,0,0
0.1429,0,0,0
0.1667,0,0,0
0.3333,0,0,0
0,0,0,0
0,0,0,0
0,0,0,0
0.4,0,0,0
0,0,0,0
0,0,0,0
0,0,0,0
0,0,0,0
0.2857,0,0,0
0.2,0,0,0
0.1667,0,0,0
0.1667,0,0,0
0,0,0,0
0,0,0,0
0.1429,0,0,0
0,0,0,0
0,0,0,0
0.2,0,0,0
0.2,0,0,0
0.1667,0,0,0
0.4,0.25,0,0
0.2222,0.125,0,0
0.25,0,0,0
0,0,0,0
0.25,0,0,0
0,0,0,0
0,0,0,0
0.2857,0,0,0
0,0,0,0
0.125,0,0,0
0.3,0,0,0
0.5,0.3333,0,0
0,0,0,0
0.1667,0,0,0
0,0,0,0
0,0,0,0
0.1111,0,0,0
0.5,0.3333,0,0
0.4,0.25,0,0
0.2,0,0,0
0.2857,0,0,0
0.4,0,0,0
1,0.2,0,0
0.2,0,0,0
0.2,0,0,0
0.2,0.1111,0,0
0.1667,0,0,0
0.1429,0,0,0
0,0,0,0
0.375,0,0,0
0,0,0,0
0,0,0,0
0.0909,0,0,0
0,0,0,0
0.2,0,0,0
0.1667,0,0,0
0,0,0,0
0.1429,0,0,0
0.1429,0,0,0
0.1667,0,0,0
0.375,0.2857,0.1667,0
0.1818,0,0,0
0,0,0,0
0,0,0,0
0.25,0,0,0
0.3333,0,0,0
0,0,0,0
0.1429,0,0,0
0.1,0,0,0
0.2,0,0,0
0.2,0,0,0
0,0,0,0
0.2727,0,0,0
0.1818,0,0,0
0.2,0,0,0
0.2,0,0,0
0.1667,0,0,0
0.3333,0.0769,0,0
0,0,0,0
0,0,0,0
0,0,0,0
0.1667,0,0,0
0.1667,0,0,0
0,0,0,0
0,0,0,0
0.1111,0,0,0
0,0,0,0
0,0,0,0
0,0,0,0
0.2857,0,0,0
0,0,0,0
0,0,0,0
0.1429,0,0,0
0.1667,0,0,0
0,0,0,0
0.125,0,0,0
0,0,0,0
0.1667,0,0,0
0.125,0,0,0
0.1111,0,0,0
0,0,0,0
0,0,0,0
0,0,0,0
0.3333,0.25,0.1429,0
0.0909,0,0,0
0.2857,0,0,0
0.1429,0,0,0
0.1429,0,0,0
0,0,0,0
0.1667,0,0,0
0,0,0,0
0.2,0,0,0
0,0,0,0
0,0,0,0
0,0,0,0
0.1667,0,0,0
0.2,0,0,0
0.8,0.4,0.25,0
0.6667,0.5,0,0
0.75,0.6667,0.5,0
1,1,1,1
0.75,0.25,0,0
0.5714,0.125,0,0
0.6,0.5,0.3333,0
0.5,0.3333,0,0
0.5,0.3333,0,0
0.75,0.25,0,0
0.5,0.3333,0,0
0.6667,0.5,0,0
0.3333,0,0,0
0.5,0.3333,0,0
0.5,0.1667,0,0
1,1,1,1
1,1,1,1
0.5,0.2,0,0
0.8333,0.8,0.75,0.6667
0.75,0.25,0,0
0.6,0.5,0.3333,0
0.4,0.25,0,0
0.6667,0.3333,0,0
0.5,0.3333,0,0
0.5,0,0,0
0.8,0.4,0.25,0
0.3333,0,0,0
0.8,0.4,0,0
0.75,0.6667,0.5,0
1,1,1,0
0.6,0.2,0,0
0.5,0.3333,0,0
1,1,1,0
0.6667,0.3333,0.2,0
0.2,0,0,0
1,1,1,0
1,1,1,0
0.5,0.3333,0,0
1,1,1,0
0.5,0.3333,0,0
1,1,1,0
1,1,1,0
0.5,0.3333,0,0
0.6,0.2,0,0
0.6667,0.3333,0.2,0
0.8,0.8,0.75,0.6667
0.75,0.25,0,0
1,1,1,1
1,1,1,0
1,1,1,0
0.75,0.5,0.3333,0
0.2,0,0,0
0.5,0.3333,0,0
0.6,0.5,0.3333,0
0.4,0.25,0,0
1,1,1,0
0.5,0.3333,0,0
0.2,0,0,0
1,1,1,0
0.5,0,0,0
0.5,0.3333,0,0
0.75,0.25,0,0
0.4,0,0,0
0.5,0,0,0
0.5,0.3333,0,0
1,1,1,0
0.5,0.3333,0,0
1,1,1,0
0.2,0,0,0
0.2,0,0,0
0.5,0.3333,0,0
0.5,0.3333,0,0
0.5,0.3333,0,0
0.5,0.3333,0,0
0.5,0.3333,0,0
0.3333,0.2,0,0
0.75,0.25,0,0
0.75,0.25,0,0
1,1,1,0
0.5,0.3333,0,0
0.2,0,0,0
0.5,0.3333,0,0
0.5,0.3333,0,0
0.4,0,0,0
1,1,1,0
1,1,1,0
0.75,0.6667,0.5,0
0.1429,0,0,0
0.3333,0,0,0
0.6,0.2,0,0
0.5,0.4,0.25,0
0.5,0.3333,0,0
0.5,0.3333,0,0
0.5,0.3333,0,0
0.5,0.3333,0,0
0.5,0.3333,0,0
0.5,0.3333,0,0
0.5,0.3333,0,0
0.4,0.25,0,0
0.6,0.2,0,0
1,1,1,0
1,1,1,0
0.75,0.6667,0.5,0
0.3333,0,0,0
0.3333,0,0,0
0.75,0.6667,0.5,0
0.75,0.6667,0.5,0
0.4,0,0,0
0.1667,0,0,0
0.5,0,0,0
0.5,0.3333,0,0
0.5,0.3333,0,0
0.4,0.25,0,0
0.5,0.3333,0,0
0.6667,0.25,0,0
0.4,0,0,0
1,1,1,0
0.75,0.25,0,0
0.1429,0,0,0
0.75,0.6667,0.5,0
0.5,0.3333,0,0
0.5,0.3333,0,0
0.5,0.3333,0,0
0.2,0,0,0
0.5,0.3333,0,0
0.5,0.3333,0,0
0.5,0.3333,0,0
0.5,0.3333,0,0
0.5,0,0,0
0.6,0.2,0,0
0.5,0.3333,0,0
1,1,1,0
0.75,0.25,0,0
0.5,0.3333,0,0
0.75,0.25,0,0
0.3333,0,0,0
0.3333,0,0,0
0.5,0,0,0
0.2,0,0,0
0.2,0,0,0
0.5,0.3333,0,0
0.5,0.3333,0,0
0.2,0,0,0
0.2,0,0,0
0.2,0,0,0
0.5,0.3333,0,0
0.5,0.3333,0,0
0.5,0.3333,0,0
0.5,0.3333,0,0
1,1,1,1
0.2,0,0,0
0.5,0.3333,0,0
0.5,0.3333,0,0
0.75,0.6667,0.5,0
0.5,0,0,0
0.75,0.6667,0.5,0
0.8,0.4,0.25,0
0.6,0.2,0,0
0.3333,0.2,0,0
0.5,0.4,0.25,0
0.5,0,0,0
0.5,0.3333,0,0
0.5,0,0,0
1,1,1,0
0.2,0,0,0
0.5,0,0,0
1,1,1,0
0.4,0,0,0
0.4,0.25,0,0
0.2,0,0,0
0.6667,0,0,0
0.2,0,0,0
0.2,0,0,0
0.25,0,0,0
0.5,0.3333,0,0
0.2,0,0,0
0.5,0.3333,0,0
0,0,0,0
0,0,0,0
0.5,0.3333,0,0
0.5,0.3333,0,0
0.3333,0,0,0
0.3333,0,0,0
0.5,0.4,0.25,0
0.5,0.2,0,0
0.75,0.6667,0.5,0
0.6,0.5,0.3333,0
0.5,0,0,0
0.2,0,0,0
0.2,0,0,0
0,0,0,0
0.2,0,0,0
1,1,1,0
0.2,0,0,0
0.6,0.2,0,0
0.3333,0.25,0.1429,0
1,1,1,1
0.2,0,0,0
0.75,0.6667,0.5,0
0.8,0.4,0,0
0.25,0,0,0
0.2,0,0,0
1,1,1,1
0.2857,0,0,0
0.5,0.3333,0,0
0,0,0,0
1,1,1,0
0.75,0.6667,0.5,0
0.2,0,0,0
0.5,0.1667,0,0
0.5,0,0,0
0.5714,0.2857,0.1667,0
0.5,0,0,0
0.6,0.5,0.3333,0
0.5,0.3333,0,0
0.4286,0,0,0
0.6,0.2,0,0
1,1,1,0
1,1,1,0
1,1,1,0
0.2,0,0,0
0.6667,0.1429,0,0
0.5,0.3333,0,0
0.5,0,0,0
0.5714,0,0,0
0.4,0.25,0,0
0.8,0.4,0.25,0
0.5,0.3333,0,0
0.25,0,0,0
0.2,0,0,0
0.2,0,0,0
0.375,0.25,0.1429,0
0.75,0.6667,0.5,0
0.75,0.25,0,0
0,0,0,0
0.375,0.125,0,0
0.25,0,0,0
0.5,0.3333,0,0
0.2,0,0,0
0.4,0.25,0,0
0.6667,0.3333,0.2,0
0.4,0.25,0,0
0.4,0.25,0,0
0.75,0.6667,0.5,0
0.2,0,0,0
0.2,0,0,0
0.2,0,0,0
0,0,0,0
0.1667,0,0,0
0.2,0,0,0
0.3333,0.2,0,0
0.3333,0.2,0,0
0.75,0.6667,0.5,0
0.75,0.6667,0.5,0
0.3333,0,0,0
0.5,0.3333,0,0
0.6667,0.5,0,0
0.2,0,0,0
0.2,0,0,0
0,0,0,0
0.25,0,0,0
0.5,0.3333,0,0
0.25,0,0,0
0.6667,0.5,0,0
0.2,0,0,0
0,0,0,0
0.3333,0.2,0,0
0.6667,0.5,0,0
0.75,0.25,0,0
0.3333,0,0,0
0.3333,0,0,0
0.3333,0,0,0
0.5,0.3333,0,0
0.4,0,0,0
0.5,0.3333,0,0
0.3333,0.2,0,0
0.6,0.2,0,0
0.1667,0,0,0
0.5,0.4,0.25,0
0.75,0.25,0,0
0,0,0,0
0.2,0,0,0
0.5,0.1667,0,0
0.25,0,0,0
0.5,0.1667,0,0
0.4286,0.1429,0,0
0.2857,0.1667,0,0
0.5,0.3333,0,0
0.75,0.6667,0.5,0
0.3333,0,0,0
0.4286,0.1429,0,0
0.5,0,0,0
0.3333,0,0,0
0.5,0.3333,0,0
0.2,0,0,0
0.2,0,0,0
0.2,0,0,0
0.6,0.5,0.3333,0
0.5,0,0,0
0.2,0,0,0
0.4,0.25,0,0
0.2857,0.1667,0,0
0.3333,0.2,0,0
0.3333,0,0,0
0.3333,0.2,0,0
0.5,0.1667,0,0
0.2857,0.1667,0,0
0,0,0,0
0.2,0,0,0
0.2,0,0,0
0.2,0,0,0
0.4,0,0,0
0.4,0,0,0
0.1667,0,0,0
0,0,0,0
0.6667,0.3333,0.2,0
0.25,0,0,0
0.2,0,0,0
0.5,0.4,0.25,0
0.5,0.3333,0,0
0.5,0.3333,0,0
0.5,0,0,0
0.25,0,0,0
0,0,0,0
0.2,0,0,0
0,0,0,0
0.3333,0,0,0
0.75,0.25,0,0
0.2,0,0,0
0.25,0,0,0
0.25,0,0,0
0.125,0,0,0
0.5,0,0,0
0.2,0,0,0
0,0,0,0
0.2,0,0,0
0.25,0,0,0
0.2,0,0,0
0.4,0.25,0,0
0.75,0.6667,0.5,0
0.2,0,0,0
0.2,0,0,0
0.2,0,0,0
0.5,0.3333,0,0
0.2,0,0,0
0.2,0,0,0
0,0,0,0
0.6,0.2,0,0
0.4,0,0,0
0.1667,0,0,0
0.2,0,0,0
0,0,0,0
0.2,0,0,0
0.6667,0.3333,0,0
0.2,0,0,0
0.4,0.25,0,0
0.2,0,0,0
0.4,0,0,0
0.25,0,0,0
0.25,0,0,0
0.4,0,0,0
0.1667,0,0,0
0,0,0,0
0.2,0,0,0
0.4,0.25,0,0
1,1,1,0
0.4,0.25,0,0
0.5,0.1667,0,0
0.6,0.2,0,0
1,1,1,0
1,0,0,0
1,1,1,0
0.4,0.25,0,0
0.2,0,0,0
0.2,0,0,0
0.5,0.3333,0,0
0.2,0,0,0
0.4,0,0,0
0.2,0,0,0
0.3333,0,0,0
0.6,0,0,0
0.375,0.1111,0,0
0.1667,0,0,0
0,0,0,0
0.5,0.4,0.25,0
0.25,0,0,0
0.2,0,0,0
0,0,0,0
0.5,0.3333,0,0
0.2,0,0,0
0,0,0,0
0,0,0,0
0.5,0.3333,0,0
0.3333,0.2,0,0
0,0,0,0
0.4,0,0,0
0.1667,0,0,0
0.5556,0.3333,0.1111,0
0.3333,0.2,0,0
0.3333,0,0,0
0.4,0,0,0
0.6,0.5,0.3333,0
0.4,0,0,0
0.4,0.25,0,0
0.2,0,0,0
0,0,0,0
0.125,0,0,0
0.125,0,0,0
0,0,0,0
0,0,0,0
0.25,0,0,0
0.2,0,0,0
0,0,0,0
0.2,0,0,0
0.6,0.5,0.3333,0
0,0,0,0
0.25,0,0,0
0.1429,0,0,0
0.1667,0,0,0
0.5,0,0,0
0.75,0.25,0,0
0.2,0,0,0
0,0,0,0
0,0,0,0
0.2,0,0,0
0,0,0,0
0.375,0.2222,0,0
0,0,0,0
0.5,0.3333,0,0
0.5,0.4,0.25,0
1,1,1,0
0.1667,0,0,0
0.4,0,0,0
0.375,0.1111,0,0
0.1667,0,0,0
0.2857,0,0,0
0.6667,0.5,0,0
0.2,0,0,0
0.2,0,0,0
0,0,0,0
0,0,0,0
0.6667,0.5,0,0
0.2,0,0,0
0,0,0,0
0.5,0.4,0.25,0
0.1429,0,0,0
0.5,0.3333,0,0
0.5,0.1667,0,0
0.2857,0,0,0
0.4286,0.1429,0,0
0.25,0,0,0
0.2857,0.1667,0,0
0.4,0,0,0
0.1667,0,0,0
0.1667,0,0,0
0.1667,0,0,0
0.1667,0,0,0
0.1667,0,0,0
0.3333,0,0,0
0,0,0,0
0.1667,0,0,0
0,0,0,0
0.3333,0.1667,0,0
0.5,0.3333,0,0
0.1667,0,0,0
0.25,0,0,0
0.4,0.25,0,0
0.2,0,0,0
0,0,0,0
0.1667,0,0,0
0,0,0,0
0.3333,0,0,0
0.3333,0,0,0
0,0,0,0
0,0,0,0
0.1429,0,0,0
0.6667,0,0,0
0,0,0,0
0.25,0.125,0,0
0.3333,0,0,0
0.5,0,0,0
0.4,0,0,0
0.2,0,0,0
0.2,0,0,0
0,0,0,0
0.1429,0,0,0
0.1667,0,0,0
0,0,0,0
0.8333,0.2857,0.1667,0
0.25,0,0,0
0,0,0,0
0.4,0,0,0
0.1111,0,0,0
0.1667,0,0,0
0.1429,0,0,0
0.1429,0,0,0
0.1429,0,0,0
0,0,0,0
0,0,0,0
0,0,0,0
0,0,0,0
0,0,0,0
0,0,0,0
0.4286,0.1429,0,0
0.1429,0,0,0
0.3333,0,0,0
0.4,0,0,0
0.5,0,0,0
0.2,0,0,0
0.5,0.3333,0,0
0.3333,0,0,0
0.1667,0,0,0
0.25,0,0,0
0,0,0,0
0.6,0,0,0
0.1429,0,0,0
0.1667,0,0,0
0.1667,0,0,0
0.4444,0.375,0.2857,0.1667
0.8,0.4,0.25,0
0.1429,0,0,0
0,0,0,0
0.3333,0,0,0
0.1667,0,0,0
0.2,0,0,0
0,0,0,0
0.1667,0,0,0
0.1429,0,0,0
0.125,0,0,0
0.1429,0,0,0
0.3333,0,0,0
0.3333,0,0,0
0.2,0,0,0
0.25,0,0,0
0.1667,0,0,0
0,0,0,0
0,0,0,0
0,0,0,0
0,0,0,0
0.2,0,0,0
0.1111,0,0,0
0.1667,0,0,0
0.3333,0.2,0,0
0.1667,0,0,0
0.1429,0,0,0
0.2,0,0,0
0,0,0,0
0,0,0,0
0.1667,0,0,0
0.75,0.6667,0.5,0
0.1429,0,0,0
0.125,0,0,0
0.1111,0,0,0
0.8,0.4,0.25,0
0.6,0,0,0
0.2,0,0,0
0.1667,0,0,0
0.4,0,0,0
0.1667,0,0,0
0,0,0,0
0,0,0,0
0.2,0,0,0
0.1667,0,0,0
0.2,0,0,0
0,0,0,0
0.1429,0,0,0
0.75,0.6667,0.5,0
0,0,0,0
0.1429,0,0,0
0.4,0.25,0,0
0.6667,0.5,0,0
0.4,0,0,0
0,0,0,0
0.2222,0.125,0,0
0,0,0,0
0,0,0,0
0.4286,0.3333,0.2,0
0.75,0.6667,0.5,0
0.3333,0,0,0
0.5,0,0,0
0.4,0.25,0,0
0.4,0,0,0
0.3333,0.2,0,0
0.1667,0,0,0
0.1429,0,0,0
0.0909,0,0,0
0.2,0,0,0
0.2,0,0,0
0.2,0,0,0
0.1429,0,0,0
0,0,0,0
0,0,0,0
0.8,0.75,0.6667,0.5
0.5,0.3333,0,0
0.1429,0,0,0
0.1429,0,0,0
0,0,0,0
0,0,0,0
0.2857,0,0,0
0.1429,0,0,0
0.3333,0,0,0
0.5,0.3333,0,0
0.2,0,0,0
0.5,0.3333,0,0
0.1667,0,0,0
0.1667,0,0,0
0.2857,0,0,0
0.125,0,0,0
0.6,0.4,0.25,0
0.125,0,0,0
0,0,0,0
0,0,0,0
0,0,0,0
0,0,0,0
0,0,0,0
0.6667,0.5,0,0
0.4286,0,0,0
0.1429,0,0,0
0.1429,0,0,0
0.3333,0.1429,0,0
0.1111,0,0,0
0.1111,0,0,0
0.3,0,0,0
0.3333,0,0,0
0.75,0.6667,0.5,0
0.1,0,0,0
0,0,0,0
0,0,0,0
0.125,0,0,0
0.1667,0,0,0
0.125,0,0,0
0.3333,0.2,0,0
0.1429,0,0,0
0.1667,0,0,0
0,0,0,0
0.1667,0,0,0
0,0,0,0
0.2857,0,0,0
0,0,0,0
0,0,0,0
0,0,0,0
0.4,0,0,0
0.2857,0,0,0
0,0,0,0
0,0,0,0
0,0,0,0
0,0,0,0
0.1,0,0,0
0.2857,0,0,0
0.3333,0,0,0
0.2222,0,0,0
0,0,0,0
0.2,0,0,0
0,0,0,0
0.25,0.1429,0,0
0,0,0,0
0.2857,0,0,0
0,0,0,0
0.125,0,0,0
0.125,0,0,0
0.25,0,0,0
0.1,0,0,0
0.2,0,0,0
0,0,0,0
0.1667,0,0,0
0.125,0,0,0
0.125,0,0,0
0.3333,0,0,0
0.5,0,0,0
0.1429,0,0,0
0.5,0.3333,0,0
0,0,0,0
0.1667,0,0,0
0.375,0,0,0
0.2222,0.125,0,0
0.125,0,0,0
0.1667,0,0,0
0.1818,0,0,0
0.5,0,0,0
0.2,0,0,0
0,0,0,0
0,0,0,0
0,0,0,0
0.125,0,0,0
0,0,0,0
0.1667,0,0,0
0,0,0,0
0.125,0,0,0
0.1667,0,0,0
0,0,0,0
0.3333,0,0,0
0.125,0,0,0
0.1429,0,0,0
0,0,0,0
0.1429,0,0,0
0.25,0,0,0
0,0,0,0
0.125,0,0,0
0.2857,0,0,0
0,0,0,0
0,0,0,0
0.2,0,0,0
0,0,0,0
0,0,0,0
0,0,0,0
0,0,0,0
0,0,0,0
0,0,0,0
0.1429,0,0,0
0.4,0.25,0,0
0.1667,0,0,0
0,0,0,0
0,0,0,0
0.4286,0,0,0
0.6,0.2,0,0
0,0,0,0
0.25,0,0,0
0.125,0,0,0
0.3333,0,0,0
0.25,0,0,0
0,0,0,0
0.25,0,0,0
0.4286,0.125,0,0
0.1667,0,0,0
0,0,0,0
0,0,0,0
0,0,0,0
0.4,0.2,0,0
0.2,0,0,0
0,0,0,0
0.1429,0,0,0
0,0,0,0
0.125,0,0,0
0.125,0,0,0
0.125,0,0,0
0.3333,0,0,0
0.2727,0,0,0
0.1429,0,0,0
0.2,0,0,0
0.1429,0,0,0
0,0,0,0
0.1429,0,0,0
0,0,0,0
0,0,0,0
0,0,0,0
0,0,0,0
0.2,0,0,0
0,0,0,0
0,0,0,0
0,0,0,0
