0.9979
0.9766
0.1090
0.7685
0.9327
0.4012
0.7726
1.0000
1.0000
0.0381
1.0000
0.5189
1.0000
0.3376
0.4390
1.0000
1.0000
1.0000
1.0000
0.9983
0.0329
1.0000
0.1900
1.0000
1.0000
0.8346
1.0000
0.1935
1.0000
0.9226
1.0000
1.0000
0.9886
1.0000
1.0000
0.7191
0.9805
0.9990
1.0000
1.0000
1.0000
0.0245
1.0000
0.8346
0.8346
0.8346
0.5202
0.5202
0.8346
0.8346
0.1167
0.1888
0.5190
0.8999
1.0000
1.0000
1.0000
1.0000
1.0000
0.9501
0.9998
0.0661
0.1370
1.0000
0.1634
0.9983
0.9907
1.0000
1.0000
0.9573
0.9966
0.0007
1.0000
1.0000
0.0024
0.7348
0.9993
1.0000
1.0000
0.5824
1.0000
1.0000
1.0000
1.0000
0.0375
0.7424
0.9729
1.0000
0.8606
0.5800
1.0000
0.9210
1.0000
0.9791
0.8003
0.3769
0.9846
1.0000
0.9883
0.0374
0.0157
0.0118
0.0118
0.3825
0.8346
0.3818
0.8371
0.1547
1.0000
1.0000
0.7641
0.9922
0.9843
0.7930
0.1888
0.0281
1.0000
1.0000
0.4103
0.5202
0.0009
0.0001
0.0063
0.0002
0.0822
0.0001
0.0822
0.9239
0.9932
0.8650
0.2909
0.9932
1.0000
0.1040
0.0397
0.9719
0.9385
0.8346
0.1165
0.9972
0.9979
0.9898
0.0002
0.6745
0.9981
1.0000
0.7748
0.9979
0.9756
0.7748
0.0187
0.3651
0.0000
0.0000
1.0000
0.8128
1.0000
1.0000
1.0000
0.0004
0.0004
0.9934
0.0000
0.0823
0.2919
0.6097
1.0000
0.8384
1.0000
0.0000
0.4880
0.1900
0.0352
0.9604
0.9962
1.0000
0.4702
0.0178
0.7583
0.9623
0.0193
0.0270
0.0012
0.8974
0.7638
1.0000
0.0001
0.0001
0.0003
0.0396
0.9676
0.9978
0.9907
0.7163
0.2426
1.0000
0.0000
0.3345
0.9776
0.0002
0.0023
1.0000
0.0011
0.9998
1.0000
0.8439
0.9791
0.7473
1.0000
0.0005
0.1748
0.1942
0.9921
0.1666
1.0000
0.0186
0.0369
0.0592
0.0393
0.0186
0.7748
0.6370
0.9315
0.5856
1.0000
0.9987
0.0067
0.0479
0.3890
1.0000
0.9226
0.8803
0.8606
0.2290
0.5202
0.0982
0.5861
0.9428
0.1165
1.0000
1.0000
0.0004
0.7196
1.0000
0.7454
0.0002
0.3701
0.8700
0.2268
0.0046
0.0070
0.2077
0.1348
0.0692
0.8254
0.0326
0.8974
0.2337
0.9791
0.9908
0.0001
0.7407
0.9973
0.9817
0.5304
0.0043
0.9362
0.0000
0.2677
0.9889
0.5217
1.0000
0.0000
1.0000
1.0000
0.0002
0.1339
0.0240
0.0013
0.9578
0.9996
0.0055
0.0516
0.2538
0.4262
0.5933
0.3340
0.1149
0.0033
0.9979
0.7303
0.0015
0.0003
0.0000
0.1693
0.3181
0.5434
0.2198
0.3826
0.0010
0.2294
0.8204
1.0000
0.9998
0.9962
0.9980
0.3562
0.0000
0.1944
0.0005
0.0000
0.3480
0.0027
0.3478
0.0098
0.0000
0.3956
1.0000
0.0907
0.8346
0.0000
0.9988
0.0160
0.0088
0.0112
0.0005
0.0005
0.0001
0.0011
0.0000
0.0000
0.0001
0.7419
0.9588
0.6456
0.2374
0.3788
0.0014
1.0000
0.1375
0.0773
0.4961
0.9941
0.1912
0.7501
0.3129
0.0932
0.0000
0.0000
0.0000
0.0000
0.8770
0.0500
0.0008
0.0003
0.0000
0.0004
0.0248
0.0000
0.0753
0.9854
0.4851
0.2624
0.0035
0.0477
0.0000
0.0002
0.8003
0.0000
0.9898
0.1903
0.0022
0.0000
0.0013
0.1836
0.4473
0.8974
0.0135
0.0118
0.8217
0.7783
0.2759
0.0666
0.0001
0.0000
0.0577
0.9270
0.0945
0.2621
0.9758
0.0000
0.0647
0.0010
0.5013
0.0004
0.0000
0.0510
0.0326
0.9929
0.1067
0.2441
0.9904
0.8829
0.1267
0.1136
0.2221
0.9910
0.6705
0.9788
0.2339
0.0049
0.9042
0.0763
0.1303
0.2512
0.0899
1.0000
0.0357
0.9991
0.2360
1.0000
0.0000
0.0075
0.0154
0.0000
0.0000
0.0014
0.0000
0.0003
0.8733
0.9350
0.0010
0.6370
0.2386
0.8913
0.0177
0.9974
0.6950
0.0047
0.0501
0.0632
0.0000
0.0003
0.0000
0.7632
0.5992
0.9994
0.0000
0.0014
0.0002
0.0000
0.8201
0.0009
0.0046
0.0001
0.8954
0.9997
0.1888
0.5
0.0756
0.0140
0.6843
0.4600
0.0050
0.0039
0.0003
0.0128
0.0000
0.5223
0.0000
0.5947
0.0000
0.0000
0.0193
0.0026
0.1015
0.4485
0.0000
0.0080
0.0001
0.1606
0.6193
0.0000
0.0241
0.2504
0.0138
0.2697
1.0000
0.0002
0.0003
0.0079
0.0000
0.0503
0.0000
0.0000
0.0006
0.7380
0.1070
0.7414
0.0362
0.0001
0.0202
0.0300
0.0117
0.8596
0.0000
0.0852
0.9715
0.1560
0.0025
0.0000
0.0037
0.2573
0.9533
0.8659
0.0000
0.0039
0.0028
0.0076
0.0021
0.0152
0.3889
0.0053
0.0000
0.3485
0.9952
0.0000
0.0756
0.0125
0.9756
0.0992
0.0045
0.0219
0.0080
0.2848
0.0000
0.0000
0.0000
0.0017
0.1919
0.0035
0.0196
0.0000
0.0196
0.0458
0.0042
0.0159
0.0002
0.5006
0.0019
0.0319
0.0042
0.4116
0.0030
0.0321
0.0672
0.0273
0.2838
0.0044
0.0039
0.2132
0.0714
0.4183
0.9973
0.0202
0.5581
0.8897
0.0044
0.5701
0.3224
0.1616
0.0007
0.0736
0.0826
0.9979
0.3168
0.0094
0.0045
0.8451
0.0000
0.8072
0.8299
0.4603
0.0005
0.9915
0.0618
0.9748
0.7071
0.0197
0.1683
0.0000
0.4902
0.9999
0.0001
0.0000
0.0011
0.0078
0.7658
0.5700
0.0063
0.0217
0.7042
0.0033
0.0001
0.0818
0.2145
0.0069
0.0012
0.6974
0.0000
0.0000
0.1471
0.0118
0.0000
0.0000
0.0005
0.0025
0.0000
0.1664
0.7226
0.0009
0.4948
0.0001
0.1932
0.0032
0.0003
0.0000
0.3208
0.0000
0.2624
0.3692
0.9996
0.9966
0.0006
0.0000
0.0020
0.1102
0.0051
0.0021
0.8047
0.0006
0.0283
0.0016
0.2680
0.0148
0.0263
0.0006
0.0851
0.0000
0.0000
0.0000
0.0000
0.0403
0.8433
0.2888
0.0002
0.0000
0.0001
0.0052
0.0010
0.2217
0.0040
0.0007
0.7294
0.9886
0.0008
0.1303
0.0087
0.0005
0.0279
0.1939
0.7345
0.0022
0.0028
0.5142
0.9505
0.0028
0.0004
0.6676
0.4165
0.0001
0.0000
0.0418
0.0009
0.0065
0.0000
0.0000
0.0025
0.7310
0.0028
0.0001
0.2262
0.0001
0.0000
0.0661
0.0000
0.0002
0.9886
0.0143
0.1293
0.1338
0.8743
0.0015
0.0073
0.0000
0.5371
0.4430
0.0001
0.0028
0.0116
0.9178
0.0140
0.8881
0.0000
0.0053
0.9961
0.0006
0.0001
0.0005
0.0054
0.0009
0.0000
0.9388
0.0555
0.7364
0.9938
0.0713
0.0000
0.0001
0.0000
0.1220
0.0027
0.0000
0.0000
0.0000
0.0002
0.4925
0.7728
0.0400
0.9990
0.9947
0.0022
0.0015
0.0020
0.0000
0.0000
0.0219
0.0001
0.0072
0.1249
0.0356
0.8950
0.5581
1.0000
0.9508
0.4853
1.0000
1.0000
1.0000
0.0062
1.0000
1.0000
0.0000
0.5202
0.9695
1.0000
1.0000
0.0388
0.9917
0.8466
0.8138
0.0033
0.2307
0.6082
0.8645
1.0000
0.0000
0.8672
0.9828
1.0000
0.8283
1.0000
1.0000
0.0275
0.9696
1.0000
1.0000
1.0000
1.0000
0.8346
1.0000
1.0000
1.0000
0.3036
0.8929
1.0000
0.9734
1.0000
1.0000
1.0000
0.9999
0.0024
0.8962
0.8085
0.7651
1.0000
0.1970
0.9327
1.0000
0.1468
1.0000
0.9756
0.1459
0.5800
0.7374
1.0000
0.7933
1.0000
0.9385
0.8346
0.5824
1.0000
1.0000
1.0000
0.4525
0.0902
0.9677
0.9756
1.0000
0.8845
0.9327
0.9791
0.9791
0.5658
1.0000
1.0000
0.9982
0.0902
0.0054
0.3036
1.0000
0.9123
1.0000
0.1375
0.1375
0.9233
0.9233
0.9233
0.9840
0.0375
1.0000
1.0000
0.8279
0.0117
0.0014
0.7748
0.4196
0.3427
0.0757
0.9995
0.5081
0.9908
0.1048
0.9724
1.0000
0.0010
1.0000
0.4475
0.8575
0.9996
0.8576
1.0000
0.8346
0.9972
0.9210
1.0000
0.6146
0.8974
0.0005
0.0195
0.5746
1.0000
0.2624
0.8003
0.2624
0.0000
0.0081
0.0003
0.0004
0.0004
0.0580
1.0000
0.9979
0.9983
0.9983
0.8555
0.4525
0.1209
0.8984
1.0000
0.0000
0.8346
0.9385
0.9995
0.6850
0.7632
0.8649
0.8973
0.5743
1.0000
0.8547
1.0000
0.2677
1.0000
0.0572
0.9210
1.0000
1.0000
0.5631
0.9994
0.4528
0.1375
0.0706
0.0001
0.9931
0.0001
0.1165
0.0018
0.0002
0.8409
0.8409
0.0001
0.0109
1.0000
0.9323
0.9463
1.0000
0.0109
0.4720
0.1975
0.5
0.0000
1.0000
0.0034
0.0370
0.3698
1.0000
0.1243
0.9656
0.9998
0.8721
0.5202
1.0000
0.9925
0.7000
0.0014
1.0000
0.9798
0.0000
0.0243
0.2677
0.9950
0.9986
1.0000
1.0000
0.8812
0.0521
1.0000
1.0000
1.0000
0.9315
0.5119
0.0906
0.7452
0.9961
1.0000
1.0000
0.9420
0.0726
0.0032
0.0000
0.1775
0.9775
0.1659
0.9893
0.6797
0.7991
0.3112
0.0005
0.9750
0.9756
0.8553
0.9820
0.5439
0.0000
0.0577
0.0185
0.1016
0.0024
0.0000
0.8458
0.2805
0.8851
0.9999
0.0023
1.0000
0.9687
0.5202
0.0001
0.0003
1.0000
0.5202
0.0061
0.2086
0.0000
0.0004
0.3152
0.7584
0.0095
0.9781
0.0388
0.0652
0.9531
0.9970
1.0000
0.0987
0.1141
0.0000
0.8237
0.2624
0.0000
0.0001
0.0319
0.0003
0.1377
0.9955
0.9997
0.5258
1.0000
0.2045
0.4531
0.2855
0.2430
1.0000
0.0000
0.0249
0.0826
1.0000
0.0932
0.2667
0.0034
0.0049
0.0706
0.9964
0.5196
0.8872
0.7328
0.0459
0.0000
0.0000
0.0000
0.2583
0.1031
0.2623
0.0048
0.9924
0.0000
0.0623
0.9630
0.2226
0.1979
0.1465
0.0052
0.3455
0.0009
0.0000
1.0000
0.9851
0.0000
0.0000
0.0488
0.1270
0.0045
0.9988
0.0181
0.0000
0.0015
0.0363
0.4873
0.5034
0.0000
0.0003
0.0000
0.5202
0.0001
0.0184
0.0001
0.9100
0.6380
0.0000
0.0000
0.0017
0.0017
0.9362
0.4122
0.3999
0.0269
0.9988
0.0328
1.0000
0.1122
0.0009
0.0000
0.1039
0.8977
1.0000
0.1465
0.8219
0.4082
1.0000
0.6775
1.0000
1.0000
0.0000
0.0329
0.9965
0.2713
0.1069
0.0003
0.2537
0.2814
0.0038
0.7575
0.0000
0.9931
0.0018
0.0011
0.0018
0.0107
0.9373
0.0000
0.0000
1.0000
0.7160
0.0013
0.0000
0.0001
0.8999
0.4341
0.0891
0.6380
0.9995
0.9575
0.9816
0.5800
0.0002
0.4314
0.0000
0.0001
0.0000
0.0000
0.0069
0.6309
0.0000
0.9690
0.0008
0.4544
0.0058
0.0016
0.5970
0.2624
0.1561
0.0007
0.0027
1.0000
0.0000
0.1143
0.0808
0.9942
0.5452
1.0000
0.6543
0.1324
1.0000
0.0000
0.2310
0.0011
0.9911
0.9944
0.0003
0.0039
0.0922
0.7582
0.0002
0.9319
0.0143
0.9299
0.0777
0.3774
0.0168
0.8535
0.5113
0.7901
0.0001
0.6234
0.1116
0.5223
0.9925
0.4150
0.0053
0.0002
0.0001
0.8766
0.7067
0.2428
0.2184
0.9671
0.5258
0.0000
0.0030
0.0000
0.6523
0.9539
0.0003
0.0000
0.0031
0.1607
0.0245
0.9680
0.9900
0.1059
0.0008
0.9997
0.0172
0.0000
0.6026
0.0486
0.0000
0.9874
0.9537
0.0240
0.0002
0.8869
0.0565
0.0327
0.0000
0.0030
0.0014
0.0000
0.0000
0.0008
0.0001
0.0012
0.9895
0.9867
0.9829
0.0074
0.9961
0.2784
1.0000
1.0000
0.0035
0.0000
0.0005
0.2920
0.0081
0.0002
0.0057
0.0405
0.8462
0.1599
0.0001
1.0000
0.0402
0.1473
0.0000
0.0000
0.2984
0.0000
0.0001
0.0311
0.0310
0.0290
0.0177
0.0000
0.0000
0.0537
0.0000
0.0000
0.2598
0.1888
0.5556
0.2624
0.0185
0.0072
0.0288
0.0004
0.0000
0.5473
0.9571
0.1240
0.0392
0.0166
0.7770
0.0546
0.0386
0.0096
0.1644
0.0001
0.0001
0.0000
0.9385
0.7184
0.4452
0.0002
0.6451
0.8359
0.0004
0.0005
0.7909
0.4923
0.2445
0.5944
0.5032
0.0138
0.0000
0.0537
0.8433
0.7060
0.4669
0.8794
0.0100
0.4277
0.0607
0.4179
0.0000
0.4304
0.0001
0.0082
0.9612
0.0126
0.0727
0.4797
1.0000
0.8786
0.1286
0.0001
0.0001
0.2497
0.0160
0.4742
0.0367
0.8576
1.0000
0.0001
0.0096
0.6809
0.7491
0.5750
0.0083
0.1988
0.9668
0.0001
0.0000
0.0009
0.1583
0.1434
0.4575
0.3584
0.0025
0.0945
0.7480
0.1038
1.0000
0.9967
0.0586
0.0050
0.0135
0.3747
0.0053
0.0141
0.7624
0.1041
0.0000
0.0000
0.2891
0.0001
0.4285
0.0000
0.0001
0.0014
0.2619
0.0129
0.0001
0.0000
0.0376
0.0012
0.1283
0.2152
0.1761
0.9888
0.0004
0.0003
0.0001
0.3460
0.0007
0.9977
0.0002
0.0386
0.0003
0.0000
0.0085
0.7067
0.0026
0.0818
0.0038
0.8923
0.0002
0.0929
0.0001
0.9441
0.0015
0.0020
0.3742
0.9996
0.0005
0.4725
0.9552
0.1333
0.0251
0.0372
0.0018
0.0000
0.9998
0.0000
0.0000
0.0002
0.1954
0.0000
0.0046
0.1556
0.5215
0.0375
0.0001
0.0015
0.0020
0.0004
0.0142
0.3488
0.9139
0.0001
0.1422
0.0001
0.0006
0.0021
0.0004
0.0002
0.0005
0.1846
0.3498
0.0010
0.2725
0.0003
0.0688
0.9948
0.0826
0.0004
0.9959
0.2194
0.0005
0.0016
0.0012
0.7418
0.5729
0.0010
0.0001
0.0025
0.1451
0.2768
0.0000
0.1925
0.0016
0.2607
0.0031
0.0001
0.9919
0.0222
0.0399
0.7318
0.0013
0.0075
0.0021
0.0001
0.0000
0.0001
0.0006
0.0041
0.0000
0.0012
0.0001
