8.2703
12
6.0545
8.1428
8.1571
8.099
8.145
8.256
12
7.1276
12
4.4435
12
10.5128
9.1125
8.1212
12
8.0885
12
8.2632
9.0544
6.1341
10.5
12
12
8.1842
12
7.1193
12
4.3246
8.1212
8.1233
8.2697
8.1212
12
10.5254
6.2994
11.0753
12
12
12
4.3704
8.1274
8.1842
8.1842
8.1842
8.1385
8.1385
8.1842
8.1842
10.5283
8.015
9.628
10.8542
12
6.191
8.1038
8.1274
6.0673
4.243
8.2697
6.2212
7.1004
12
8.182
4.5193
8.1739
12
10
10.5211
6.4049
6.0917
12
12
4.0755
4.4057
10.6103
10.5
12
8.1463
6.384
6.384
9.0921
8.1198
6.1877
10.5617
7.2676
12
8.0108
8.1058
8.1132
4.406
8.1069
8.2376
8.1947
8.2548
7.131
12
8.8818
6.0819
4.2666
6.2025
6.1466
10.5338
4.4403
8.0773
8.2234
8.1385
7.0609
6.1773
8.1317
9.2186
10.5571
7.3712
6.2916
10.5699
12
10.5
8.2119
8.1385
6.0843
6.1153
0.0879
6.1087
6.2059
6.0972
6.2059
9.3
4.4712
4.4062
4.4712
4.4712
12
11.0087
8.0696
10.6123
8.269
8.1842
4.4325
4.5503
4.5055
8.2649
4.2174
8.0832
10.5182
8.1027
10.572
9.1701
7.2303
10.572
7.1202
6.3312
6.0585
0.4111
6.0939
6.1695
12
12
8.1151
4.1639
4.1639
8.2575
4.1453
8.0728
8.1534
4.4697
8.1133
10.5146
8.1274
4.0713
10.5632
8.063
8.1691
6.303
10.043
12
8.1379
6.1953
9.0839
7.1805
4.1639
4.4122
4.1786
8.0622
8.1984
5.32
6.0921
6.0921
0.4638
6.0389
10.564
10.5448
10.5314
8.2103
7.1675
12
0.3444
8.2339
10.0113
0.4522
6.1237
12
8.0413
10.5542
12
8.2351
8.2376
7.0289
8.256
6.0762
6.5698
6.0755
4.3662
8.1273
12
4.2533
9.0593
8.0532
8.0184
4.2397
10.572
10.0353
5.4535
8.2129
8.256
9.7365
8.1356
4.0637
8.054
8.1132
8.0664
10.5069
8.0102
4.2725
4.3945
4.1448
4.4052
7.2125
7.0486
8.1027
8.1271
8.2011
9.0746
9.6581
8.0683
4.084
4.1438
7.182
9.0688
4.9334
5.0263
6.7572
5.606
0.4207
8.1139
7.1602
8.0622
4.2892
8.2376
9.0254
4.2996
9.05
7.2998
3.9126
4.1223
4.0639
4.5517
4.0779
8.0936
10.0449
10.5143
8.1132
4.12
8.116
8.1212
4.0509
8.1933
3.6634
4.2905
10.8469
4.4829
8.0634
7.0897
8.0517
3.757
8.1931
9.0352
5.1163
6.0933
10.0956
8.1347
4.1381
4.3201
3.6085
6.2456
8.2075
4.2916
8.0707
3.9186
0.3877
4.2377
10.845
9.0521
7.2476
7.3196
7.1506
7.0992
3.5984
3.9503
4.1063
4.1057
10.0273
5.0937
8.2917
4.3828
3.5916
3.8918
10.8
3.7922
8.1842
4.1057
7.2541
3.7379
5.1263
5.1384
0.4577
0.4577
4.1712
4.1931
5.0544
0.3913
4.055
3.2749
3.4007
7.158
9.0671
8.3166
4.6823
12
4.3101
4.3472
4.3424
4.456
5.0966
9.0417
7.1618
6.2186
3.5541
4.1457
5.0571
5.0488
5.7595
0.2247
5.1219
5.1376
4.1548
0.4085
3.698
3.5602
4.8562
10.5522
9.0349
10.5886
4.2177
4.1973
0.2151
0.2118
3.718
0.3389
8.2649
0.3999
4.2093
0.3644
0.2734
3.7377
3.9616
8.0622
3.6197
0.4777
4.3221
4.4152
6.2311
0.5423
4.5753
0.157
5.2411
7.1754
7.0602
9.0691
8.9984
4.0643
0.7193
4.1894
10.0286
4.0958
4.0449
4.1748
8.2123
9.6325
6.2509
8.1631
6.6459
7.5921
5.1868
10.0492
7.6383
4.3311
7.1919
7.1052
7.0438
6.1666
6.703
6.0659
7.163
6.543
7.2544
9.0662
3.7734
10.0707
4.2097
7.1465
3.5529
3.1778
5.1653
0.3373
4.0572
5.1012
0.3944
0.3658
10.0516
6.5988
6.0162
9.0353
6.1132
3.8366
3.6764
10.8119
9.088
6.2644
6.1897
6.5482
0.1742
4.109
3.6022
7.0726
4.0641
4.3749
0.3612
0.3225
0.3875
0.3613
10.8563
0.066
5.1829
3.1053
7.1717
6.3362
6.2134
6
7.1293
8.2198
5.1191
3.7998
4.151
4.1295
3.6089
2.947
4.1248
4.2005
3.592
4.2405
3.6051
0.0549
2.9308
4.1401
7.9412
0.3692
3.3601
0.3808
0.3971
7.7667
6.6292
0.3164
4.156
6.1853
3.5283
3.6655
10.6136
2.1316
3.6846
4.6706
0.2295
5.8705
0.3621
3.5758
2.9049
2.5606
10.4128
6.4829
10.5376
3.391
5.188
8.2
6.5473
9.0927
4.0538
5.2572
6.2138
6.1479
3.7207
0.3557
4.0664
6.6465
3.6245
10.0956
5.0529
6.8242
0.1754
3.7244
0.4363
0.4487
4.1492
3.7592
4.0863
3.0684
10.523
3.1301
7.585
5.2175
9.7211
3.1656
2.794
0.3211
3.1494
3.7102
3.5636
3.6009
3.1084
2.8827
4.2314
3.6501
0.3703
0.3422
0.2135
4.2283
0.3613
6.138
0.0246
8.2183
0.2471
0.5863
3.3419
3.7703
0.249
7.945
8.1511
3.6886
3.6429
3.6644
0.1969
4.44
6.8591
2.5696
9.0463
0.3595
6.1732
0.3807
2.929
7.7214
3.3537
10.879
0.2363
3.7856
3.741
10.0956
6.5033
6.0732
8.6283
10.5203
3.6184
3.4829
7.0396
2.9073
3.214
8.2519
6.8321
5.2609
3.9232
0.1596
3.323
3.1905
7.9015
3.9256
0.4034
0.0871
3.7345
2.9993
5.0247
4.941
3.7827
0.2158
4.4166
4.132
0.2054
6.273
3.2184
3.7213
4.0364
7.1297
0.2352
0.2907
7.1271
3.633
0.28
0.053
0.1382
4.1824
0.1975
0.4386
4.5714
4.6495
9.1649
0.347
0.6554
4.7006
0.1605
0.055
2.8685
3.2993
7.2007
3.3956
3.6297
6.1957
0.1541
0.4172
0.1361
7.1513
0.2184
0.1049
0.582
0.2039
5.6816
4.1097
3.5974
3.6886
0.2485
0.3271
3.3881
0.133
0.3205
4.0893
4.1325
7.2787
7.2108
5.0199
5.2331
0.3927
5.0917
0.1991
0.1952
5.7506
0.3373
2.8422
5.336
9.0221
0.1866
3.7978
0.2667
0.3297
2.5797
8.1131
7.1259
4.1229
6.4681
7.074
12
4.1539
4.1893
4.3516
3.8043
3.3337
0.2686
7.2161
0.1786
0.315
2.2342
0.2513
5.1095
3.8144
0.1864
3.4386
3.5335
3.6431
7.193
4.1339
0.3382
0.151
5.1779
9.0401
0.3453
3.2894
2.6731
4.7092
4.1648
0.0646
6.8067
4.1348
4.1501
4.1791
3.8631
6.2558
0.3046
0.507
0.2244
3.6655
3.8405
0.2768
0.2039
2.5573
0.1837
0.2689
0.0555
6.2785
0.4385
0.7465
3.4652
3.6876
0.232
2.8635
0.2871
3.8278
2.8199
3.055
0.3923
0.3174
0.0747
8.079
3.1086
5.4955
3.5849
3.2628
0.2772
3.6678
0.2676
4.1442
0.336
0.2492
0.2379
3.6708
4.1419
10.8582
10.0521
10.5701
12
10.5449
10.1459
9
8.256
8.256
10.5219
8.256
10
6.042
8.1385
8.3537
12
12
9.0717
11.0223
10.5226
9.0291
7.0702
9.6394
8.1109
8.103
10.8
6.0699
10.8405
10.5232
12
9.0598
8.1212
12
9.6705
4.3236
12
12
8.2129
12
8.1842
12
12
8.1045
9.0229
9.7078
11
10.5256
12
12
12
10.5067
4.3598
8.1608
9.2172
7.1863
12
8.0599
4.4131
12
8.1426
8.0811
10.5046
7.1557
8.1058
8.227
12
8.0821
12
4.525
4.4403
8.1463
8.0885
8.1133
8.1133
8.1348
6.0787
10.5063
10.5063
12
8.2011
4.4131
8.2376
8.2376
7.0904
12
12
10.5451
3.1414
6.1395
9.0229
8.1702
8.087
8.1618
8.1827
8.1827
8.1998
8.1998
8.1998
7.0183
9.0637
12
12
10.5474
6.1819
6.1478
10.572
10.5259
7.0701
3.6527
8.2652
8.1041
8.1579
9.0298
8.2444
10.5
7.0508
12
10.5514
3.4362
10.5268
8.05
8.256
8.1842
4.5503
8.1718
8.256
8.099
8.0622
9.0135
9.6447
8.1181
12
10.5886
8.1403
10.5886
6.0585
6.1741
8.0622
4.1236
4.1639
8.0887
8.1182
4.3503
4.5193
4.5193
10.0621
8.1348
8.1886
8.1929
12
4.0919
8.1842
8.269
10.5303
8.2685
10.5187
10.8192
9.1097
7.0726
8.1438
8.118
8.1274
8.0936
12
4.1419
8.1478
12
7.259
7.109
4.5326
10.128
4.4387
4.3189
5.0801
8.2612
4.1347
8.1765
0.4819
0.4574
8.1817
8.1817
6.0781
6.0929
8.1773
6.3636
10.5318
9.1214
8.117
4.2445
4.3496
6
4.032
12
4.1277
9.6528
6.3916
12
4.2697
10.5478
10.809
6.0496
4.2148
12
5.7756
8.2796
0.5099
12
10.5621
4.0698
8.2717
8.0936
8.9281
8.119
9.2386
8.1332
7.624
9.6348
12
12
12
4.3849
10.0171
8.104
8.0489
8.8817
7.0836
10.8154
8.0273
5.2999
4.1332
4.1445
6.2883
10.5298
10.5429
6.4495
6.7785
5.0866
9.0605
4.1843
7.3097
9.6734
7.1487
7.2397
10.5346
4.1187
4.2053
4.2787
0.4827
3.632
4.0819
6.1269
6.0931
10.5507
10.5335
6.0823
8.1483
10.1319
4.2518
4.0582
0.332
5.32
8.1385
5.1084
10.0058
4.0912
0.3497
6.2479
10.0449
10.5243
9.1075
6.1619
6.1573
9.064
7.2267
8.2285
6.1072
9.1948
3.6578
8.263
10.5886
0.293
4.177
8.2023
5.1155
8.1911
7.4093
5.5083
8.0469
10.5
6.3075
7.3092
8.0879
6.2181
8.1274
4.0522
5.0182
5.1573
9.0521
8.078
4.1455
7.1335
5.5107
6.1198
6.2187
6.4805
8.31
5.618
0.3345
4.1079
4.1568
4.0717
7.1179
7.0982
3.787
0.18
9.6432
5.089
4.2005
9.0198
8.0469
8.0364
8.0259
5.1893
0.5705
4.235
0.356
6.2615
10.6011
4.0937
5.0471
5.1864
2.9149
8.1204
4.5235
0.0811
4.1081
5.0632
4.2411
7.0675
10.5305
4.1302
4.1475
4.0975
8.1385
4.1863
4.1461
0.3431
9.6385
7.1136
3.633
4.0395
0.1715
4.0818
10.036
4.2144
7.1222
4.0993
10.5074
10.0378
5.0905
7.2077
3.7539
0.3828
4.2608
9.1148
12
7.1312
8.3239
9.147
12
12
12
8.0308
4.1284
5.1616
9.0228
4.2257
7.1396
4.0824
6.1377
9.0717
6.8818
3.9911
0.1512
8.1156
5.0404
4.1491
0.4167
9.0146
4.1612
0.3705
0.331
8.1274
6.4838
0.3865
7.1762
3.7159
8.8095
6.5429
6.1462
7.1125
9.6263
8.1723
7.2334
3.3347
0.3028
3.1638
2.8102
0.3461
0.3057
5.0848
4.2023
0.4812
4.1471
9.6545
0.3967
5.2663
3.4872
3.6204
9.6604
10.5886
4.4827
0.4129
0.363
5.1835
0.3613
7.4875
0.117
8.1983
9.0591
12
3.8076
7.148
7.1648
3.5423
6.1408
10.0052
4.3727
4.4616
0.3528
0.2557
10.0186
4.3974
0.3529
9.065
3.2843
8.2693
8.2089
5.5522
7.3185
5.1854
5.675
7.2472
3.6998
3.8293
3.6899
3.7311
3.8014
6.1785
0.4859
3.565
0.3219
5.5827
8.0903
3.8337
4.9359
7.1535
4.1748
0.385
3.6998
0.3937
6.2588
6.6169
0.1098
0.2992
3.214
9.7388
0.4374
5.6955
6.6898
8.056
7.1342
5.3788
4.175
0.2635
3.36
3.8432
0.323
11
5.4135
0.4945
7.0417
3.1167
3.6761
3.2158
3.3815
3.2782
0.4303
0.1532
0.3474
0.4367
0.3529
0.3748
7.5836
3.4217
6.1988
7.1585
8.2148
4.1797
8.116
6.2053
3.6542
6.0378
0.1194
9.6
3.093
3.6143
3.6808
7.5701
10.8293
6.6516
0.3074
6.1192
3.5394
4.2334
0.3212
3.5443
3.3308
2.8588
3.1176
6.0953
6.0826
4.6711
5.1724
3.6337
0.3898
0.4224
0.3471
0.3624
4.1816
2.6877
4.1705
6.5567
3.659
3.2986
4.2763
0.1237
0.4459
3.8806
10.5417
3.3542
2.8436
2.6651
10.8
9.0728
7.5478
3.8221
7.1763
3.6536
0.3475
0.0982
4.525
3.6921
4.2665
0.1121
3.3521
10.5563
0.3976
3.2641
7.1507
10.0903
7.1567
0.4277
5.2117
0.2419
0.3227
8.6146
10.5338
6.2134
9.0397
7.2027
7.0999
6.2095
4.579
3.6891
2.2583
4.1302
4.1504
4.0849
3.6894
0.5717
0.3383
10.8232
8.1274
3.381
3.4639
0.1569
0.1544
5.5926
3.4464
6.5405
8.1328
4.2049
8.0968
3.645
3.6881
6.1797
3.2241
9.3785
2.9832
0.4726
0.5924
0.2982
0.0728
0.3643
10.0513
8.6289
3.5383
3.5505
7.5749
2.8827
2.7479
6.8647
6.3721
10.556
2.7377
0.195
0.2112
3.0873
3.6031
2.9276
6.6096
3.2355
3.7905
0.3518
3.7522
0.1631
5.5772
0.2874
0.1649
0.4689
7.1932
5.5184
0.1401
0.0922
0.4039
0.2092
2.5207
6.1322
6.2113
5.4978
0.2217
4.1882
0.1613
5.1828
0.3311
6.0381
0.151
3.2944
3.4012
5.0709
2.7014
4.2412
0.2948
3.835
3.1119
2.9394
6.0293
8.1675
3.179
8.0587
0.2239
3.6403
7.2028
4.6681
2.8611
3.8609
4.2759
8.047
4.6895
0.2118
0.1177
0.0092
3.0758
0.2715
3.6436
0.1476
3.276
3.5954
0.5244
6.5444
3.3567
3.2341
0.1911
3.441
5.0983
0.4081
2.9525
5.5599
0.416
0.0606
4.4811
0.2144
0.2235
0.2113
0.1029
0.2485
0.3167
3.4174
7.1786
4.5001
0.4221
0.3279
7.6604
9.613
0.4503
5.1945
3.3738
6.205
5.7984
0.202
5.1046
9.4058
3.6859
0.2166
0.326
0.2061
7.5156
4.0953
0.1145
3.2573
0.2212
3.264
2.9725
2.8434
9.0497
5.4216
3.4472
4.9091
3.3375
0.3512
3.3251
0.237
0.3109
0.2094
0.0578
4.2254
0.0629
0.2007
0.2139
