0.8484
1.0000
0.1090
0.8683
0.9806
0.8362
0.9536
0.9934
1.0000
0.8890
1.0000
0.6439
1.0000
0.9652
0.9504
0.9271
1.0000
0.9205
1.0000
0.9125
0.8974
0.6097
0.7162
1.0000
1.0000
0.6400
1.0000
0.3980
1.0000
0.6245
0.9271
0.9460
0.9003
0.9271
1.0000
0.9359
0.6087
0.9889
1.0000
1.0000
1.0000
0.8895
0.9923
0.6400
0.6400
0.6400
0.5161
0.5161
0.6400
0.6400
0.9300
0.9941
0.7205
0.9801
1.0000
0.9983
0.8682
0.9433
0.1544
0.3767
0.9908
0.6847
0.3588
1.0000
0.5773
0.9081
0.7437
1.0000
1.0000
0.8223
0.9162
0.1181
1.0000
1.0000
0.1549
0.5566
0.8033
1.0000
1.0000
0.5291
0.9880
0.8799
0.9814
0.9828
0.4022
0.9030
0.9574
1.0000
0.9964
0.9134
0.8720
0.8673
0.9453
0.7590
0.7180
0.9042
0.5293
1.0000
0.9976
0.3479
0.3381
0.7278
0.1383
0.9876
0.6229
0.3381
0.8762
0.4739
0.5063
0.7481
0.5222
0.9312
0.8862
0.4174
0.9777
0.9863
1.0000
1.0000
0.5430
0.6136
0.1620
0.3025
0.0460
0.2664
0.4466
0.1787
0.4466
0.9900
0.8045
0.8134
0.7968
0.8045
1.0000
0.8125
0.6054
0.9614
0.8454
0.6400
0.4080
0.9272
0.8189
0.7650
0.3709
0.3366
0.8862
0.9791
0.9564
0.7568
0.6366
0.9564
0.0491
0.8556
0.0783
0.0103
0.6969
0.8565
1.0000
1.0000
0.6207
0.2133
0.2133
0.9348
0.0936
0.8429
0.5050
0.7069
0.8867
0.3834
0.9895
0.1122
0.8217
0.2431
0.5598
0.7903
0.9837
1.0000
0.7730
0.7045
0.7152
0.5008
0.3746
0.6392
0.3794
0.3439
0.7740
0.9880
0.2082
0.2082
0.1056
0.3376
0.9860
0.9813
0.9348
0.7499
0.6394
1.0000
0.0939
0.8211
0.6333
0.0384
0.3600
1.0000
0.7600
0.9629
1.0000
0.8028
0.7590
0.4239
0.9964
0.2210
0.6806
0.9400
0.8279
0.5676
1.0000
0.4786
0.5341
0.1477
0.5812
0.4131
0.9566
0.2360
0.8423
0.9906
0.9934
0.9176
0.9319
0.9019
0.9999
0.8085
0.6262
0.8992
0.9969
0.5107
0.5128
0.3900
0.7351
0.8287
0.9302
1.0000
0.9362
0.8016
0.7991
0.9974
0.9096
0.1140
0.5328
0.6929
0.7758
0.5115
0.0518
0.9968
0.8713
0.5292
0.7825
0.3161
0.3439
0.5702
0.7590
0.9050
0.1443
0.4923
0.9622
0.7597
0.3723
0.0986
0.8936
0.0451
0.8466
0.9596
0.7357
0.9456
0.0887
0.7166
0.9271
0.0792
0.8714
0.0816
0.5705
0.9866
0.5233
0.3545
0.9041
0.3086
0.5648
0.9958
0.4985
0.0769
0.8024
0.7380
0.5102
0.3221
0.8627
0.1434
0.9888
0.9161
0.7148
0.9324
0.6504
0.3707
0.4833
0.9276
0.6620
0.9851
0.8652
0.9714
0.2527
0.0682
0.9332
0.2725
0.0746
0.4599
0.1392
0.7960
0.2542
0.0180
0.7844
1.0000
0.6542
0.6400
0.0746
0.9781
0.8846
0.3704
0.3140
0.1769
0.1769
0.1935
0.2931
0.0656
0.1256
0.0609
0.9760
0.9466
0.7031
0.4409
0.9318
0.3862
1.0000
0.5721
0.5833
0.6563
0.8109
0.1189
0.8391
0.7800
0.5772
0.0683
0.2518
0.0874
0.0565
0.8714
0.1696
0.1608
0.2471
0.1214
0.1448
0.2592
0.5379
0.2267
0.9732
0.6044
0.9128
0.8663
0.6641
0.0842
0.1220
0.4823
0.0676
0.7650
0.2950
0.3499
0.1837
0.1284
0.8324
0.7681
0.3439
0.2336
0.5036
0.4359
0.6929
0.6395
0.5925
0.2882
0.0827
0.4986
0.8606
0.7880
0.5454
0.8243
0.0942
0.7663
0.2718
0.5147
0.1112
0.0339
0.2750
0.9092
0.9666
0.7406
0.2608
0.5221
0.8891
0.4746
0.9049
0.8874
0.8006
0.5515
0.9559
0.8320
0.3257
0.8095
0.9091
0.5449
0.8475
0.9196
0.5636
0.5065
0.9838
0.3586
0.9732
0.2218
0.2876
0.2944
0.0293
0.0631
0.2923
0.1265
0.2423
0.9780
0.9210
0.4951
0.2360
0.4121
0.6521
0.8901
0.4820
0.9828
0.9100
0.6023
0.9554
0.0784
0.1907
0.1507
0.6076
0.1232
0.8863
0.0641
0.1900
0.1748
0.0840
0.9889
0.0402
0.4820
0.0953
0.9673
0.7733
0.9485
0.5
0.9622
0.8567
0.4923
0.4522
0.2069
0.2013
0.0455
0.2625
0.1483
0.4789
0.0507
0.5689
0.0432
0.0633
0.8213
0.3392
0.8808
0.6313
0.2196
0.2431
0.1670
0.9535
0.8843
0.0775
0.5039
0.6790
0.8385
0.7778
0.9709
0.1671
0.1612
0.2390
0.3093
0.9095
0.0365
0.1714
0.4013
0.7832
0.9560
0.7775
0.9580
0.3032
0.2591
0.8824
0.4019
0.9195
0.0287
0.5775
0.9955
0.8026
0.3915
0.1519
0.0889
0.6814
0.2722
0.7003
0.0900
0.7405
0.1623
0.3801
0.3314
0.3990
0.7547
0.4393
0.0503
0.9096
0.8534
0.1213
0.7664
0.6790
0.8519
0.8799
0.0602
0.1765
0.2011
0.2891
0.0573
0.0261
0.0750
0.3271
0.4806
0.1470
0.1185
0.1698
0.1621
0.3235
0.1830
0.8536
0.0190
0.5832
0.1220
0.4987
0.3060
0.4511
0.0550
0.7596
0.9510
0.1530
0.2480
0.0543
0.2447
0.8034
0.6784
0.3774
0.9708
0.1216
0.9526
0.4507
0.4717
0.6490
0.6066
0.8265
0.1018
0.5121
0.1590
0.7380
0.4224
0.7536
0.9425
0.9574
0.1570
0.9511
0.5007
0.0780
0.2782
0.8801
0.8933
0.8182
0.9015
0.1500
0.7782
0.1716
0.9204
0.9171
0.2383
0.0540
0.3597
0.4121
0.9357
0.6288
0.6987
0.0853
0.3919
0.1365
0.0805
0.8212
0.8877
0.2724
0.4496
0.8984
0.0546
0.1036
0.9885
0.1965
0.0440
0.0203
0.2471
0.4331
0.1066
0.5190
0.7241
0.1561
0.9283
0.1484
0.7434
0.4906
0.1186
0.0634
0.4725
0.0844
0.9061
0.8084
0.7382
0.8605
0.1035
0.0700
0.0909
0.6344
0.2663
0.0706
0.7961
0.1068
0.7877
0.6249
0.5448
0.2492
0.2033
0.1101
0.9070
0.0620
0.1386
0.0244
0.1368
0.6438
0.8740
0.8314
0.8822
0.2103
0.1191
0.0315
0.2179
0.9171
0.3241
0.2332
0.8624
0.7148
0.1380
0.9065
0.4671
0.0979
0.5789
0.3596
0.1534
0.2491
0.6410
0.7210
1.0000
0.3881
0.1002
0.5905
0.9345
0.2155
0.0987
0.4937
0.0371
0.2103
0.0981
0.0636
0.2372
0.7364
0.2208
0.3842
0.7623
0.2286
0.2456
0.5065
0.1284
0.1678
0.9104
0.2299
0.1967
0.8186
0.7101
0.5232
0.8122
0.0261
0.6684
0.8914
0.3180
0.3549
0.9691
0.4904
0.3636
0.7825
0.0296
0.8531
0.9616
0.1526
0.1740
0.5775
0.2955
0.2329
0.0804
0.8095
0.3077
0.3584
0.6932
0.8482
0.0939
0.1107
0.0789
0.4774
0.2867
0.1242
0.1089
0.1247
0.0554
0.8576
0.3398
0.9063
0.9095
0.5789
0.3853
0.1458
0.2152
0.1448
0.2128
0.3573
0.0218
0.1971
0.1260
0.9623
0.9493
0.9923
1.0000
0.9740
0.8241
1.0000
0.9934
0.9789
0.7929
0.9978
1.0000
0.0344
0.5161
0.9659
1.0000
1.0000
0.7318
0.9551
0.7756
0.9640
0.2931
0.9625
0.6686
0.8467
1.0000
0.0397
0.9897
0.9903
1.0000
0.3705
0.9271
1.0000
0.9299
0.7807
1.0000
1.0000
0.9876
1.0000
0.6400
1.0000
1.0000
0.8845
0.3602
0.9806
1.0000
0.9947
1.0000
1.0000
1.0000
0.8673
0.3481
0.4045
0.8136
0.9947
1.0000
0.9634
0.9795
1.0000
0.8822
0.9584
0.6403
0.6301
0.9134
0.7862
1.0000
0.5228
1.0000
0.8244
0.6229
0.5291
0.9205
0.9281
0.9281
0.4574
0.6141
0.7210
0.6389
1.0000
0.8349
0.9795
0.7590
0.7590
0.9531
1.0000
1.0000
0.8019
0.1591
0.4584
0.3602
0.8760
0.9537
0.9858
0.5839
0.5839
0.6277
0.6277
0.6277
0.8456
0.9036
1.0000
1.0000
0.8712
0.6973
0.3187
0.9564
0.9401
0.9157
0.7642
0.9773
0.5276
0.8413
0.5525
0.9020
1.0000
0.7377
1.0000
0.7859
0.8640
0.9973
0.8465
0.9934
0.6400
0.9245
0.4506
0.9959
0.6324
0.3439
0.9360
0.8010
0.4538
1.0000
0.9128
0.5689
0.9128
0.0783
0.4692
0.4056
0.1558
0.2133
0.3344
0.9573
0.8348
0.9081
0.9081
0.9906
0.4574
0.5898
0.6057
1.0000
0.1434
0.6400
0.8454
0.9304
0.9623
0.7330
0.9800
0.8678
0.8309
0.6999
0.9933
0.9745
0.8466
1.0000
0.4983
0.8687
1.0000
0.8778
0.7603
0.9053
0.9764
0.5805
0.7041
0.1174
0.8979
0.0986
0.4107
0.2669
0.1673
0.6606
0.6606
0.1988
0.2842
0.9786
0.7932
0.6438
0.9839
0.9679
0.5284
0.9127
0.5
0.1008
1.0000
0.3566
0.8275
0.7600
1.0000
0.9730
0.8407
0.9168
0.7433
0.2606
1.0000
0.8582
0.9101
0.3148
1.0000
0.9767
0.0823
0.9203
0.8466
0.8816
0.4279
0.9682
0.5924
0.6960
0.8454
1.0000
1.0000
1.0000
0.8423
0.8513
0.3268
0.9311
0.9742
0.7228
0.9822
0.4839
0.6418
0.2921
0.1477
0.6348
0.8904
0.9245
0.5919
0.5389
0.2469
0.8780
0.1920
0.8756
0.9885
0.9821
0.8445
0.9114
0.0695
0.4986
0.4337
0.3285
0.2861
0.0448
0.7676
0.2356
0.9760
0.9909
0.9648
0.9806
0.9514
0.4612
0.1286
0.0109
0.9880
0.5161
0.9896
0.0844
0.0858
0.1852
0.9198
0.8372
0.3804
0.4108
0.8560
0.9801
0.9920
0.7783
0.9207
0.2017
0.8071
0.1416
0.9811
0.9128
0.0201
0.1885
0.9607
0.2140
0.4021
0.9116
0.9457
0.8543
1.0000
0.9774
0.9628
0.8601
0.7776
0.9919
0.0482
0.0463
0.1763
0.6620
0.7758
0.2019
0.3091
0.5491
0.4553
0.9399
0.4199
0.9364
0.5542
0.1191
0.0894
0.1716
0.0512
0.8388
0.4216
0.3534
0.1431
0.9993
0.1370
0.4876
0.8691
0.6371
0.9621
0.9044
0.3425
0.7670
0.1406
0.0168
0.9496
0.9559
0.1860
0.0596
0.4500
0.3506
0.7508
0.8927
0.1051
0.0584
0.1117
0.3331
0.3086
0.9832
0.1235
0.2175
0.0315
0.5161
0.3405
0.3962
0.1383
0.9752
0.9666
0.1827
0.0626
0.0754
0.2531
0.9947
0.3830
0.4712
0.0939
0.9990
0.6436
0.8658
0.4264
0.4497
0.1118
0.4792
0.6950
1.0000
0.5983
0.9497
0.9791
1.0000
1.0000
1.0000
0.2117
0.1187
0.4491
0.9476
0.4549
0.9272
0.1827
0.5266
0.9912
0.3855
0.8259
0.0936
0.8610
0.4920
0.2346
0.1477
0.9418
0.9743
0.0443
0.0809
0.9589
0.5695
0.1849
0.5190
0.2900
0.8739
0.7341
0.4206
0.6972
0.9174
0.9502
0.7003
0.4832
0.6176
0.8314
0.1013
0.1577
0.1289
0.0873
0.3337
0.4579
0.1257
0.7443
0.2947
0.7804
0.0983
0.1790
0.8075
0.9128
0.9316
0.1820
0.1031
0.7126
0.0840
0.1326
0.1303
0.7001
0.9128
1.0000
0.6092
0.8679
0.9835
0.0270
0.8706
0.5464
0.3825
0.9123
0.2230
0.3378
0.4833
0.8849
0.0843
0.8448
0.2221
0.9745
0.9766
0.5166
0.2143
0.5970
0.7359
0.9127
0.9768
0.2988
0.3229
0.6711
0.7008
0.5327
0.4314
0.1231
0.0660
0.7855
0.9770
0.6544
0.5271
0.9005
0.3175
0.1225
0.3939
0.0947
0.7104
0.9005
0.0856
0.0590
0.4660
0.9974
0.3439
0.4671
0.9035
0.7512
0.8800
0.8504
0.3269
0.1131
0.6736
0.7522
0.0835
1.0000
0.7213
0.3615
0.9895
0.6483
0.4417
0.3671
0.1946
0.1637
0.2230
0.0558
0.0951
0.2377
0.0825
0.3326
0.8142
0.7522
0.9120
0.8586
0.9664
0.4527
0.7166
0.6624
0.5147
0.0815
0.0896
1.0000
0.3378
0.2081
0.1586
0.9554
0.9875
0.9203
0.2370
0.6904
0.8707
0.3798
0.0255
0.0175
0.1834
0.1905
0.0448
0.6446
0.4674
0.6038
0.3892
0.0842
0.0971
0.1406
0.0982
0.0913
0.3573
0.4184
0.3363
0.8655
0.3529
0.5530
0.5733
0.0609
0.3280
0.6024
0.9922
0.4221
0.0445
0.2189
1.0000
0.9633
0.3424
0.8657
0.9928
0.1381
0.1384
0.0589
0.8244
0.1649
0.4288
0.0853
0.7626
0.9675
0.1568
0.3925
0.6680
0.9895
0.5588
0.6953
0.8317
0.0788
0.0244
0.2464
0.8549
0.6594
0.9725
0.7293
0.3455
0.5716
0.3460
0.8573
0.3624
0.1016
0.3665
0.3958
0.7865
0.6407
0.5390
0.9889
0.9851
0.8771
0.7007
0.0709
0.0975
0.5045
0.4477
0.3837
0.3914
0.8339
0.9883
0.2067
0.2156
0.6153
0.2767
0.9435
0.8417
0.6276
0.8454
0.1668
0.0267
0.1229
0.6069
0.9005
0.7690
0.6117
0.2427
0.5077
0.7487
0.5334
0.8535
0.9864
0.4408
0.1219
0.1252
0.7782
0.2638
0.8329
0.8512
0.5168
0.4390
0.0639
0.2685
0.0803
0.3211
0.0729
0.1645
0.3091
0.9942
0.9220
0.1205
0.0474
0.3210
0.2104
0.5641
0.6021
0.7313
0.9633
0.0709
0.1671
0.0900
0.6314
0.6344
0.8346
0.0721
0.8525
0.0985
0.0516
0.3909
0.9618
0.1354
0.2673
0.3785
0.3971
0.1432
0.9907
0.0287
0.8767
0.2599
0.2217
0.7584
0.7121
0.8634
0.4829
0.8773
0.7765
0.9621
0.1988
0.0411
0.0113
0.7432
0.1006
0.1230
0.1317
0.9738
0.0917
0.8050
0.9331
0.5383
0.6869
0.0765
0.2978
0.4290
0.4561
0.4492
0.9894
0.8048
0.0194
0.7622
0.0621
0.1968
0.2621
0.0814
0.0598
0.3057
0.1975
0.7766
0.5505
0.5787
0.1950
0.8371
0.9680
0.3712
0.5129
0.7589
0.9285
0.4488
0.2033
0.4141
0.8249
0.7134
0.1406
0.1055
0.0956
0.6755
0.5160
0.0656
0.4553
0.0715
0.4077
0.4235
0.2440
0.9421
0.4569
0.8782
0.8443
0.1463
0.4033
0.0443
0.2649
0.0895
0.3139
0.0767
0.2602
0.0327
0.1901
0.2168
